110 ST,IRTR18100-00-00,02/01/2020,03:00:00,0004933615
110 ST,IRTR18100-00-00,02/01/2020,07:00:00,0004933641
110 ST,IRTR18100-00-00,02/01/2020,11:00:00,0004933741
110 ST,IRTR18100-00-00,02/01/2020,15:00:00,0004933881
110 ST,IRTR18100-00-00,02/01/2020,19:00:00,0004934073
110 ST,IRTR18100-00-00,02/01/2020,23:00:00,0004934218
110 ST,IRTR18100-00-00,02/02/2020,03:00:00,0004934265
110 ST,IRTR18100-00-00,02/02/2020,07:00:00,0004934276
110 ST,IRTR18100-00-00,02/02/2020,11:00:00,0004934336
110 ST,IRTR18100-00-00,02/02/2020,15:00:00,0004934408
110 ST,IRTR18100-00-00,02/02/2020,19:00:00,0004934550
110 ST,IRTR18100-00-00,02/02/2020,23:00:00,0004934645
110 ST,IRTR18100-00-00,02/03/2020,03:00:00,0004934667
110 ST,IRTR18100-00-00,02/03/2020,07:00:00,0004934710
110 ST,IRTR18100-00-00,02/03/2020,11:00:00,0004934985
110 ST,IRTR18100-00-00,02/03/2020,15:00:00,0004935213
110 ST,IRTR18100-00-00,02/03/2020,19:00:00,0004935726
110 ST,IRTR18100-00-00,02/03/2020,23:00:00,0004935868
110 ST,IRTR18100-00-00,02/04/2020,03:00:00,0004935896
110 ST,IRTR18100-00-00,02/04/2020,07:00:00,0004935948
110 ST,IRTR18100-00-00,02/04/2020,11:00:00,0004936241
110 ST,IRTR18100-00-00,02/04/2020,15:00:00,0004936470
110 ST,IRTR18100-00-00,02/04/2020,19:00:00,0004937012
110 ST,IRTR18100-00-00,02/04/2020,23:00:00,0004937165
110 ST,IRTR18100-00-00,02/05/2020,03:00:00,0004937188
110 ST,IRTR18100-00-00,02/05/2020,07:00:00,0004937240
110 ST,IRTR18100-00-00,02/05/2020,11:00:00,0004937551
110 ST,IRTR18100-00-00,02/05/2020,15:00:00,0004937796
110 ST,IRTR18100-00-00,02/05/2020,19:00:00,0004938290
110 ST,IRTR18100-00-00,02/05/2020,23:00:00,0004938460
110 ST,IRTR18100-00-00,02/06/2020,03:00:00,0004938491
110 ST,IRTR18100-00-00,02/06/2020,07:00:00,0004938519
110 ST,IRTR18100-00-00,02/06/2020,11:00:00,0004938785
110 ST,IRTR18100-00-00,02/06/2020,15:00:00,0004939021
110 ST,IRTR18100-00-00,02/06/2020,19:00:00,0004939559
110 ST,IRTR18100-00-00,02/06/2020,23:00:00,0004939739
110 ST,IRTR18100-00-00,02/07/2020,03:00:00,0004939773
110 ST,IRTR18100-00-00,02/07/2020,07:00:00,0004939834
110 ST,IRTR18100-00-00,02/07/2020,11:00:00,0004940082
110 ST,IRTR18100-00-00,02/07/2020,15:00:00,0004940323
110 ST,IRTR18100-00-00,02/07/2020,19:00:00,0004940739
110 ST,IRTR18100-00-00,02/07/2020,23:00:00,0004940911
110 ST,IRTR18100-00-01,02/01/2020,03:00:00,0005659705
110 ST,IRTR18100-00-01,02/01/2020,07:00:00,0005659730
110 ST,IRTR18100-00-01,02/01/2020,11:00:00,0005659851
110 ST,IRTR18100-00-01,02/01/2020,15:00:00,0005660003
110 ST,IRTR18100-00-01,02/01/2020,19:00:00,0005660197
110 ST,IRTR18100-00-01,02/01/2020,23:00:00,0005660322
110 ST,IRTR18100-00-01,02/02/2020,03:00:00,0005660367
110 ST,IRTR18100-00-01,02/02/2020,07:00:00,0005660389
110 ST,IRTR18100-00-01,02/02/2020,11:00:00,0005660469
110 ST,IRTR18100-00-01,02/02/2020,15:00:00,0005660595
110 ST,IRTR18100-00-01,02/02/2020,19:00:00,0005660742
110 ST,IRTR18100-00-01,02/02/2020,23:00:00,0005660838
110 ST,IRTR18100-00-01,02/03/2020,03:00:00,0005660873
110 ST,IRTR18100-00-01,02/03/2020,07:00:00,0005660934
110 ST,IRTR18100-00-01,02/03/2020,11:00:00,0005661198
110 ST,IRTR18100-00-01,02/03/2020,15:00:00,0005661421
110 ST,IRTR18100-00-01,02/03/2020,19:00:00,0005661875
110 ST,IRTR18100-00-01,02/03/2020,23:00:00,0005662007
110 ST,IRTR18100-00-01,02/04/2020,03:00:00,0005662033
110 ST,IRTR18100-00-01,02/04/2020,07:00:00,0005662087
110 ST,IRTR18100-00-01,02/04/2020,11:00:00,0005662332
110 ST,IRTR18100-00-01,02/04/2020,15:00:00,0005662550
110 ST,IRTR18100-00-01,02/04/2020,19:00:00,0005663005
110 ST,IRTR18100-00-01,02/04/2020,23:00:00,0005663150
110 ST,IRTR18100-00-01,02/05/2020,03:00:00,0005663187
110 ST,IRTR18100-00-01,02/05/2020,07:00:00,0005663250
110 ST,IRTR18100-00-01,02/05/2020,11:00:00,0005663534
110 ST,IRTR18100-00-01,02/05/2020,15:00:00,0005663775
110 ST,IRTR18100-00-01,02/05/2020,19:00:00,0005664240
110 ST,IRTR18100-00-01,02/05/2020,23:00:00,0005664395
110 ST,IRTR18100-00-01,02/06/2020,03:00:00,0005664432
110 ST,IRTR18100-00-01,02/06/2020,07:00:00,0005664450
110 ST,IRTR18100-00-01,02/06/2020,11:00:00,0005664668
110 ST,IRTR18100-00-01,02/06/2020,15:00:00,0005664864
110 ST,IRTR18100-00-01,02/06/2020,19:00:00,0005665340
110 ST,IRTR18100-00-01,02/06/2020,23:00:00,0005665498
110 ST,IRTR18100-00-01,02/07/2020,03:00:00,0005665532
110 ST,IRTR18100-00-01,02/07/2020,07:00:00,0005665550
110 ST,IRTR18100-00-01,02/07/2020,11:00:00,0005665790
110 ST,IRTR18100-00-01,02/07/2020,15:00:00,0005665981
110 ST,IRTR18100-00-01,02/07/2020,19:00:00,0005666416
110 ST,IRTR18100-00-01,02/07/2020,23:00:00,0005666599
110 ST,IRTR18100-00-02,02/01/2020,03:00:00,0005652807
110 ST,IRTR18100-00-02,02/01/2020,07:00:00,0005652831
110 ST,IRTR18100-00-02,02/01/2020,11:00:00,0005652916
110 ST,IRTR18100-00-02,02/01/2020,15:00:00,0005653067
110 ST,IRTR18100-00-02,02/01/2020,19:00:00,0005653230
110 ST,IRTR18100-00-02,02/01/2020,23:00:00,0005653320
110 ST,IRTR18100-00-02,02/02/2020,03:00:00,0005653351
110 ST,IRTR18100-00-02,02/02/2020,07:00:00,0005653363
110 ST,IRTR18100-00-02,02/02/2020,11:00:00,0005653414
110 ST,IRTR18100-00-02,02/02/2020,15:00:00,0005653552
110 ST,IRTR18100-00-02,02/02/2020,19:00:00,0005653684
110 ST,IRTR18100-00-02,02/02/2020,23:00:00,0005653749
110 ST,IRTR18100-00-02,02/03/2020,03:00:00,0005653773
110 ST,IRTR18100-00-02,02/03/2020,07:00:00,0005653824
110 ST,IRTR18100-00-02,02/03/2020,11:00:00,0005654053
110 ST,IRTR18100-00-02,02/03/2020,15:00:00,0005654223
110 ST,IRTR18100-00-02,02/03/2020,19:00:00,0005654638
110 ST,IRTR18100-00-02,02/03/2020,23:00:00,0005654753
110 ST,IRTR18100-00-02,02/04/2020,03:00:00,0005654771
110 ST,IRTR18100-00-02,02/04/2020,07:00:00,0005654818
110 ST,IRTR18100-00-02,02/04/2020,11:00:00,0005655066
110 ST,IRTR18100-00-02,02/04/2020,15:00:00,0005655222
110 ST,IRTR18100-00-02,02/04/2020,19:00:00,0005655645
110 ST,IRTR18100-00-02,02/04/2020,23:00:00,0005655773
110 ST,IRTR18100-00-02,02/05/2020,03:00:00,0005655792
110 ST,IRTR18100-00-02,02/05/2020,07:00:00,0005655837
110 ST,IRTR18100-00-02,02/05/2020,11:00:00,0005656085
110 ST,IRTR18100-00-02,02/05/2020,15:00:00,0005656285
110 ST,IRTR18100-00-02,02/05/2020,19:00:00,0005656687
110 ST,IRTR18100-00-02,02/05/2020,23:00:00,0005656830
110 ST,IRTR18100-00-02,02/06/2020,03:00:00,0005656848
110 ST,IRTR18100-00-02,02/06/2020,07:00:00,0005656950
110 ST,IRTR18100-00-02,02/06/2020,11:00:00,0005657251
110 ST,IRTR18100-00-02,02/06/2020,15:00:00,0005657420
110 ST,IRTR18100-00-02,02/06/2020,19:00:00,0005657817
110 ST,IRTR18100-00-02,02/06/2020,23:00:00,0005657917
110 ST,IRTR18100-00-02,02/07/2020,03:00:00,0005657936
110 ST,IRTR18100-00-02,02/07/2020,07:00:00,0005658000
110 ST,IRTR18100-00-02,02/07/2020,11:00:00,0005658261
110 ST,IRTR18100-00-02,02/07/2020,15:00:00,0005658518
110 ST,IRTR18100-00-02,02/07/2020,19:00:00,0005658875
110 ST,IRTR18100-00-02,02/07/2020,23:00:00,0005659011
110 ST,IRTR18101-00-00,02/01/2020,03:00:00,0004113297
110 ST,IRTR18101-00-00,02/01/2020,07:00:00,0004113402
110 ST,IRTR18101-00-00,02/01/2020,11:00:00,0004113881
110 ST,IRTR18101-00-00,02/01/2020,15:00:00,0004114331
110 ST,IRTR18101-00-00,02/01/2020,19:00:00,0004114711
110 ST,IRTR18101-00-00,02/01/2020,23:00:00,0004114911
110 ST,IRTR18101-00-00,02/02/2020,03:00:00,0004114967
110 ST,IRTR18101-00-00,02/02/2020,07:00:00,0004115037
110 ST,IRTR18101-00-00,02/02/2020,11:00:00,0004115358
110 ST,IRTR18101-00-00,02/02/2020,15:00:00,0004115729
110 ST,IRTR18101-00-00,02/02/2020,19:00:00,0004116058
110 ST,IRTR18101-00-00,02/02/2020,23:00:00,0004116189
110 ST,IRTR18101-00-00,02/03/2020,03:00:00,0004116234
110 ST,IRTR18101-00-00,02/03/2020,07:00:00,0004116456
110 ST,IRTR18101-00-00,02/03/2020,11:00:00,0004117526
110 ST,IRTR18101-00-00,02/03/2020,15:00:00,0004118011
110 ST,IRTR18101-00-00,02/03/2020,19:00:00,0004118536
110 ST,IRTR18101-00-00,02/03/2020,23:00:00,0004118690
110 ST,IRTR18101-00-00,02/04/2020,03:00:00,0004118707
110 ST,IRTR18101-00-00,02/04/2020,07:00:00,0004118936
110 ST,IRTR18101-00-00,02/04/2020,11:00:00,0004120103
110 ST,IRTR18101-00-00,02/04/2020,15:00:00,0004120624
110 ST,IRTR18101-00-00,02/04/2020,19:00:00,0004121252
110 ST,IRTR18101-00-00,02/04/2020,23:00:00,0004121441
110 ST,IRTR18101-00-00,02/05/2020,03:00:00,0004121485
110 ST,IRTR18101-00-00,02/05/2020,07:00:00,0004121741
110 ST,IRTR18101-00-00,02/05/2020,11:00:00,0004123103
110 ST,IRTR18101-00-00,02/05/2020,15:00:00,0004123625
110 ST,IRTR18101-00-00,02/05/2020,19:00:00,0004124216
110 ST,IRTR18101-00-00,02/05/2020,23:00:00,0004124402
110 ST,IRTR18101-00-00,02/06/2020,03:00:00,0004124446
110 ST,IRTR18101-00-00,02/06/2020,07:00:00,0004124683
110 ST,IRTR18101-00-00,02/06/2020,11:00:00,0004125823
110 ST,IRTR18101-00-00,02/06/2020,15:00:00,0004126349
110 ST,IRTR18101-00-00,02/06/2020,19:00:00,0004126976
110 ST,IRTR18101-00-00,02/06/2020,23:00:00,0004127191
110 ST,IRTR18101-00-00,02/07/2020,03:00:00,0004127225
110 ST,IRTR18101-00-00,02/07/2020,07:00:00,0004127453
110 ST,IRTR18101-00-00,02/07/2020,11:00:00,0004128554
110 ST,IRTR18101-00-00,02/07/2020,15:00:00,0004129122
110 ST,IRTR18101-00-00,02/07/2020,19:00:00,0004129796
110 ST,IRTR18101-00-00,02/07/2020,23:00:00,0004130068
110 ST,IRTR18101-00-01,02/01/2020,03:00:00,0005372079
110 ST,IRTR18101-00-01,02/01/2020,07:00:00,0005372139
110 ST,IRTR18101-00-01,02/01/2020,11:00:00,0005372474
110 ST,IRTR18101-00-01,02/01/2020,15:00:00,0005372886
110 ST,IRTR18101-00-01,02/01/2020,19:00:00,0005373225
110 ST,IRTR18101-00-01,02/01/2020,23:00:00,0005373421
110 ST,IRTR18101-00-01,02/02/2020,03:00:00,0005373464
110 ST,IRTR18101-00-01,02/02/2020,07:00:00,0005373511
110 ST,IRTR18101-00-01,02/02/2020,11:00:00,0005373771
110 ST,IRTR18101-00-01,02/02/2020,15:00:00,0005374076
110 ST,IRTR18101-00-01,02/02/2020,19:00:00,0005374387
110 ST,IRTR18101-00-01,02/02/2020,23:00:00,0005374491
110 ST,IRTR18101-00-01,02/03/2020,03:00:00,0005374524
110 ST,IRTR18101-00-01,02/03/2020,07:00:00,0005374668
110 ST,IRTR18101-00-01,02/03/2020,11:00:00,0005375701
110 ST,IRTR18101-00-01,02/03/2020,15:00:00,0005376082
110 ST,IRTR18101-00-01,02/03/2020,19:00:00,0005376578
110 ST,IRTR18101-00-01,02/03/2020,23:00:00,0005376735
110 ST,IRTR18101-00-01,02/04/2020,03:00:00,0005376764
110 ST,IRTR18101-00-01,02/04/2020,07:00:00,0005376957
110 ST,IRTR18101-00-01,02/04/2020,11:00:00,0005378069
110 ST,IRTR18101-00-01,02/04/2020,15:00:00,0005378501
110 ST,IRTR18101-00-01,02/04/2020,19:00:00,0005379077
110 ST,IRTR18101-00-01,02/04/2020,23:00:00,0005379242
110 ST,IRTR18101-00-01,02/05/2020,03:00:00,0005379268
110 ST,IRTR18101-00-01,02/05/2020,07:00:00,0005379468
110 ST,IRTR18101-00-01,02/05/2020,11:00:00,0005381055
110 ST,IRTR18101-00-01,02/05/2020,15:00:00,0005381486
110 ST,IRTR18101-00-01,02/05/2020,19:00:00,0005382020
110 ST,IRTR18101-00-01,02/05/2020,23:00:00,0005382204
110 ST,IRTR18101-00-01,02/06/2020,03:00:00,0005382230
110 ST,IRTR18101-00-01,02/06/2020,07:00:00,0005382383
110 ST,IRTR18101-00-01,02/06/2020,11:00:00,0005383426
110 ST,IRTR18101-00-01,02/06/2020,15:00:00,0005383860
110 ST,IRTR18101-00-01,02/06/2020,19:00:00,0005384424
110 ST,IRTR18101-00-01,02/06/2020,23:00:00,0005384574
110 ST,IRTR18101-00-01,02/07/2020,03:00:00,0005384606
110 ST,IRTR18101-00-01,02/07/2020,07:00:00,0005384767
110 ST,IRTR18101-00-01,02/07/2020,11:00:00,0005385766
110 ST,IRTR18101-00-01,02/07/2020,15:00:00,0005386274
110 ST,IRTR18101-00-01,02/07/2020,19:00:00,0005386900
110 ST,IRTR18101-00-01,02/07/2020,23:00:00,0005387099
110 ST,IRTR18101-00-02,02/01/2020,03:00:00,0014426257
110 ST,IRTR18101-00-02,02/01/2020,07:00:00,0014426302
110 ST,IRTR18101-00-02,02/01/2020,11:00:00,0014426603
110 ST,IRTR18101-00-02,02/01/2020,15:00:00,0014426991
110 ST,IRTR18101-00-02,02/01/2020,19:00:00,0014427311
110 ST,IRTR18101-00-02,02/01/2020,23:00:00,0014427444
110 ST,IRTR18101-00-02,02/02/2020,03:00:00,0014427478
110 ST,IRTR18101-00-02,02/02/2020,07:00:00,0014427513
110 ST,IRTR18101-00-02,02/02/2020,11:00:00,0014427749
110 ST,IRTR18101-00-02,02/02/2020,15:00:00,0014428052
110 ST,IRTR18101-00-02,02/02/2020,19:00:00,0014428326
110 ST,IRTR18101-00-02,02/02/2020,23:00:00,0014428426
110 ST,IRTR18101-00-02,02/03/2020,03:00:00,0014428442
110 ST,IRTR18101-00-02,02/03/2020,07:00:00,0014428558
110 ST,IRTR18101-00-02,02/03/2020,11:00:00,0014429521
110 ST,IRTR18101-00-02,02/03/2020,15:00:00,0014429901
110 ST,IRTR18101-00-02,02/03/2020,19:00:00,0014430418
110 ST,IRTR18101-00-02,02/03/2020,23:00:00,0014430546
110 ST,IRTR18101-00-02,02/04/2020,03:00:00,0014430558
110 ST,IRTR18101-00-02,02/04/2020,07:00:00,0014430679
110 ST,IRTR18101-00-02,02/04/2020,11:00:00,0014431705
110 ST,IRTR18101-00-02,02/04/2020,15:00:00,0014432108
110 ST,IRTR18101-00-02,02/04/2020,19:00:00,0014432641
110 ST,IRTR18101-00-02,02/04/2020,23:00:00,0014432810
110 ST,IRTR18101-00-02,02/05/2020,03:00:00,0014432814
110 ST,IRTR18101-00-02,02/05/2020,07:00:00,0014432905
110 ST,IRTR18101-00-02,02/05/2020,11:00:00,0014433247
110 ST,IRTR18101-00-02,02/05/2020,15:00:00,0014433720
110 ST,IRTR18101-00-02,02/05/2020,19:00:00,0014434248
110 ST,IRTR18101-00-02,02/05/2020,23:00:00,0014434375
110 ST,IRTR18101-00-02,02/06/2020,03:00:00,0014434399
110 ST,IRTR18101-00-02,02/06/2020,07:00:00,0014434544
110 ST,IRTR18101-00-02,02/06/2020,11:00:00,0014435568
110 ST,IRTR18101-00-02,02/06/2020,15:00:00,0014435978
110 ST,IRTR18101-00-02,02/06/2020,19:00:00,0014436526
110 ST,IRTR18101-00-02,02/06/2020,23:00:00,0014436679
110 ST,IRTR18101-00-02,02/07/2020,03:00:00,0014436692
110 ST,IRTR18101-00-02,02/07/2020,07:00:00,0014436825
110 ST,IRTR18101-00-02,02/07/2020,11:00:00,0014437749
110 ST,IRTR18101-00-02,02/07/2020,15:00:00,0014438234
110 ST,IRTR18101-00-02,02/07/2020,19:00:00,0014438779
110 ST,IRTR18101-00-02,02/07/2020,23:00:00,0014438953
110 ST,IRTR18100-00-00,02/08/2020,03:00:00,0004940937
110 ST,IRTR18100-00-00,02/08/2020,07:00:00,0004940965
110 ST,IRTR18100-00-00,02/08/2020,11:00:00,0004941087
110 ST,IRTR18100-00-00,02/08/2020,15:00:00,0004941292
110 ST,IRTR18100-00-00,02/08/2020,19:00:00,0004941485
110 ST,IRTR18100-00-00,02/08/2020,23:00:00,0004941571
110 ST,IRTR18100-00-00,02/09/2020,03:00:00,0004941603
110 ST,IRTR18100-00-00,02/09/2020,07:00:00,0004941624
110 ST,IRTR18100-00-00,02/09/2020,11:00:00,0004941691
110 ST,IRTR18100-00-00,02/09/2020,15:00:00,0004941808
110 ST,IRTR18100-00-00,02/09/2020,19:00:00,0004941926
110 ST,IRTR18100-00-00,02/09/2020,23:00:00,0004942027
110 ST,IRTR18100-00-00,02/10/2020,03:00:00,0004942047
110 ST,IRTR18100-00-00,02/10/2020,07:00:00,0004942103
110 ST,IRTR18100-00-00,02/10/2020,11:00:00,0004942410
110 ST,IRTR18100-00-00,02/10/2020,15:00:00,0004942692
110 ST,IRTR18100-00-00,02/10/2020,19:00:00,0004943207
110 ST,IRTR18100-00-00,02/10/2020,23:00:00,0004943370
110 ST,IRTR18100-00-00,02/11/2020,03:00:00,0004943395
110 ST,IRTR18100-00-00,02/11/2020,07:00:00,0004943475
110 ST,IRTR18100-00-00,02/11/2020,11:00:00,0004943793
110 ST,IRTR18100-00-00,02/11/2020,15:00:00,0004944062
110 ST,IRTR18100-00-00,02/11/2020,19:00:00,0004944557
110 ST,IRTR18100-00-00,02/11/2020,23:00:00,0004944714
110 ST,IRTR18100-00-00,02/12/2020,03:00:00,0004944746
110 ST,IRTR18100-00-00,02/12/2020,11:00:00,0004945067
110 ST,IRTR18100-00-00,02/12/2020,15:00:00,0004945373
110 ST,IRTR18100-00-00,02/12/2020,19:00:00,0004945914
110 ST,IRTR18100-00-00,02/12/2020,23:00:00,0004946088
110 ST,IRTR18100-00-00,02/13/2020,03:00:00,0004946114
110 ST,IRTR18100-00-00,02/13/2020,07:00:00,0004946163
110 ST,IRTR18100-00-00,02/13/2020,11:00:00,0004946476
110 ST,IRTR18100-00-00,02/13/2020,15:00:00,0004946747
110 ST,IRTR18100-00-00,02/13/2020,19:00:00,0004947189
110 ST,IRTR18100-00-00,02/13/2020,23:00:00,0004947415
110 ST,IRTR18100-00-00,02/14/2020,03:00:00,0004947447
110 ST,IRTR18100-00-00,02/14/2020,07:00:00,0004947492
110 ST,IRTR18100-00-00,02/14/2020,11:00:00,0004947792
110 ST,IRTR18100-00-00,02/14/2020,15:00:00,0004948090
110 ST,IRTR18100-00-00,02/14/2020,19:00:00,0004948530
110 ST,IRTR18100-00-00,02/14/2020,23:00:00,0004948727
110 ST,IRTR18100-00-01,02/08/2020,03:00:00,0005666644
110 ST,IRTR18100-00-01,02/08/2020,07:00:00,0005666670
110 ST,IRTR18100-00-01,02/08/2020,11:00:00,0005666782
110 ST,IRTR18100-00-01,02/08/2020,15:00:00,0005666932
110 ST,IRTR18100-00-01,02/08/2020,19:00:00,0005667120
110 ST,IRTR18100-00-01,02/08/2020,23:00:00,0005667238
110 ST,IRTR18100-00-01,02/09/2020,03:00:00,0005667283
110 ST,IRTR18100-00-01,02/09/2020,07:00:00,0005667306
110 ST,IRTR18100-00-01,02/09/2020,11:00:00,0005667370
110 ST,IRTR18100-00-01,02/09/2020,15:00:00,0005667472
110 ST,IRTR18100-00-01,02/09/2020,19:00:00,0005667593
110 ST,IRTR18100-00-01,02/09/2020,23:00:00,0005667673
110 ST,IRTR18100-00-01,02/10/2020,03:00:00,0005667704
110 ST,IRTR18100-00-01,02/10/2020,07:00:00,0005667728
110 ST,IRTR18100-00-01,02/10/2020,11:00:00,0005667966
110 ST,IRTR18100-00-01,02/10/2020,15:00:00,0005668221
110 ST,IRTR18100-00-01,02/10/2020,19:00:00,0005668625
110 ST,IRTR18100-00-01,02/10/2020,23:00:00,0005668756
110 ST,IRTR18100-00-01,02/11/2020,03:00:00,0005668792
110 ST,IRTR18100-00-01,02/11/2020,07:00:00,0005668809
110 ST,IRTR18100-00-01,02/11/2020,11:00:00,0005668942
110 ST,IRTR18100-00-01,02/11/2020,15:00:00,0005669125
110 ST,IRTR18100-00-01,02/11/2020,19:00:00,0005669597
110 ST,IRTR18100-00-01,02/11/2020,23:00:00,0005669753
110 ST,IRTR18100-00-01,02/12/2020,03:00:00,0005669787
110 ST,IRTR18100-00-01,02/12/2020,11:00:00,0005670103
110 ST,IRTR18100-00-01,02/12/2020,15:00:00,0005670358
110 ST,IRTR18100-00-01,02/12/2020,19:00:00,0005670829
110 ST,IRTR18100-00-01,02/12/2020,23:00:00,0005670973
110 ST,IRTR18100-00-01,02/13/2020,03:00:00,0005671010
110 ST,IRTR18100-00-01,02/13/2020,07:00:00,0005671064
110 ST,IRTR18100-00-01,02/13/2020,11:00:00,0005671353
110 ST,IRTR18100-00-01,02/13/2020,15:00:00,0005671617
110 ST,IRTR18100-00-01,02/13/2020,19:00:00,0005672030
110 ST,IRTR18100-00-01,02/13/2020,23:00:00,0005672201
110 ST,IRTR18100-00-01,02/14/2020,03:00:00,0005672230
110 ST,IRTR18100-00-01,02/14/2020,07:00:00,0005672285
110 ST,IRTR18100-00-01,02/14/2020,11:00:00,0005672533
110 ST,IRTR18100-00-01,02/14/2020,15:00:00,0005672778
110 ST,IRTR18100-00-01,02/14/2020,19:00:00,0005673236
110 ST,IRTR18100-00-01,02/14/2020,23:00:00,0005673411
110 ST,IRTR18100-00-02,02/08/2020,03:00:00,0005659036
110 ST,IRTR18100-00-02,02/08/2020,07:00:00,0005659051
110 ST,IRTR18100-00-02,02/08/2020,11:00:00,0005659114
110 ST,IRTR18100-00-02,02/08/2020,15:00:00,0005659221
110 ST,IRTR18100-00-02,02/08/2020,19:00:00,0005659384
110 ST,IRTR18100-00-02,02/08/2020,23:00:00,0005659488
110 ST,IRTR18100-00-02,02/09/2020,03:00:00,0005659523
110 ST,IRTR18100-00-02,02/09/2020,07:00:00,0005659545
110 ST,IRTR18100-00-02,02/09/2020,11:00:00,0005659587
110 ST,IRTR18100-00-02,02/09/2020,15:00:00,0005659686
110 ST,IRTR18100-00-02,02/09/2020,19:00:00,0005659818
110 ST,IRTR18100-00-02,02/09/2020,23:00:00,0005659889
110 ST,IRTR18100-00-02,02/10/2020,03:00:00,0005659910
110 ST,IRTR18100-00-02,02/10/2020,07:00:00,0005659983
110 ST,IRTR18100-00-02,02/10/2020,11:00:00,0005660184
110 ST,IRTR18100-00-02,02/10/2020,15:00:00,0005660294
110 ST,IRTR18100-00-02,02/10/2020,19:00:00,0005660697
110 ST,IRTR18100-00-02,02/10/2020,23:00:00,0005660808
110 ST,IRTR18100-00-02,02/11/2020,03:00:00,0005660828
110 ST,IRTR18100-00-02,02/11/2020,07:00:00,0005660889
110 ST,IRTR18100-00-02,02/11/2020,11:00:00,0005661204
110 ST,IRTR18100-00-02,02/11/2020,15:00:00,0005661365
110 ST,IRTR18100-00-02,02/11/2020,19:00:00,0005661781
110 ST,IRTR18100-00-02,02/11/2020,23:00:00,0005661926
110 ST,IRTR18100-00-02,02/12/2020,03:00:00,0005661949
110 ST,IRTR18100-00-02,02/12/2020,11:00:00,0005662238
110 ST,IRTR18100-00-02,02/12/2020,15:00:00,0005662359
110 ST,IRTR18100-00-02,02/12/2020,19:00:00,0005662697
110 ST,IRTR18100-00-02,02/12/2020,23:00:00,0005662835
110 ST,IRTR18100-00-02,02/13/2020,03:00:00,0005662859
110 ST,IRTR18100-00-02,02/13/2020,07:00:00,0005662914
110 ST,IRTR18100-00-02,02/13/2020,11:00:00,0005663081
110 ST,IRTR18100-00-02,02/13/2020,15:00:00,0005663254
110 ST,IRTR18100-00-02,02/13/2020,19:00:00,0005663640
110 ST,IRTR18100-00-02,02/13/2020,23:00:00,0005663737
110 ST,IRTR18100-00-02,02/14/2020,03:00:00,0005663769
110 ST,IRTR18100-00-02,02/14/2020,07:00:00,0005663800
110 ST,IRTR18100-00-02,02/14/2020,11:00:00,0005663971
110 ST,IRTR18100-00-02,02/14/2020,15:00:00,0005664129
110 ST,IRTR18100-00-02,02/14/2020,19:00:00,0005664440
110 ST,IRTR18100-00-02,02/14/2020,23:00:00,0005664558
110 ST,IRTR18101-00-00,02/08/2020,03:00:00,0004130122
110 ST,IRTR18101-00-00,02/08/2020,07:00:00,0004130234
110 ST,IRTR18101-00-00,02/08/2020,11:00:00,0004130669
110 ST,IRTR18101-00-00,02/08/2020,15:00:00,0004131188
110 ST,IRTR18101-00-00,02/08/2020,19:00:00,0004131620
110 ST,IRTR18101-00-00,02/08/2020,23:00:00,0004131848
110 ST,IRTR18101-00-00,02/09/2020,03:00:00,0004131917
110 ST,IRTR18101-00-00,02/09/2020,07:00:00,0004131984
110 ST,IRTR18101-00-00,02/09/2020,11:00:00,0004132296
110 ST,IRTR18101-00-00,02/09/2020,15:00:00,0004132694
110 ST,IRTR18101-00-00,02/09/2020,19:00:00,0004133001
110 ST,IRTR18101-00-00,02/09/2020,23:00:00,0004133102
110 ST,IRTR18101-00-00,02/10/2020,03:00:00,0004133140
110 ST,IRTR18101-00-00,02/10/2020,07:00:00,0004133367
110 ST,IRTR18101-00-00,02/10/2020,11:00:00,0004134498
110 ST,IRTR18101-00-00,02/10/2020,15:00:00,0004134955
110 ST,IRTR18101-00-00,02/10/2020,19:00:00,0004135534
110 ST,IRTR18101-00-00,02/10/2020,23:00:00,0004135715
110 ST,IRTR18101-00-00,02/11/2020,03:00:00,0004135746
110 ST,IRTR18101-00-00,02/11/2020,07:00:00,0004135992
110 ST,IRTR18101-00-00,02/11/2020,11:00:00,0004137134
110 ST,IRTR18101-00-00,02/11/2020,15:00:00,0004137639
110 ST,IRTR18101-00-00,02/11/2020,19:00:00,0004138219
110 ST,IRTR18101-00-00,02/11/2020,23:00:00,0004138455
110 ST,IRTR18101-00-00,02/12/2020,03:00:00,0004138490
110 ST,IRTR18101-00-00,02/12/2020,07:00:00,0004138743
110 ST,IRTR18101-00-00,02/12/2020,11:00:00,0004139839
110 ST,IRTR18101-00-00,02/12/2020,15:00:00,0004140382
110 ST,IRTR18101-00-00,02/12/2020,19:00:00,0004141026
110 ST,IRTR18101-00-00,02/12/2020,23:00:00,0004141223
110 ST,IRTR18101-00-00,02/13/2020,03:00:00,0004141268
110 ST,IRTR18101-00-00,02/13/2020,07:00:00,0004141477
110 ST,IRTR18101-00-00,02/13/2020,11:00:00,0004142620
110 ST,IRTR18101-00-00,02/13/2020,15:00:00,0004143133
110 ST,IRTR18101-00-00,02/13/2020,19:00:00,0004143717
110 ST,IRTR18101-00-00,02/13/2020,23:00:00,0004143941
110 ST,IRTR18101-00-00,02/14/2020,03:00:00,0004143979
110 ST,IRTR18101-00-00,02/14/2020,07:00:00,0004144206
110 ST,IRTR18101-00-00,02/14/2020,11:00:00,0004145297
110 ST,IRTR18101-00-00,02/14/2020,15:00:00,0004145856
110 ST,IRTR18101-00-00,02/14/2020,19:00:00,0004146725
110 ST,IRTR18101-00-00,02/14/2020,23:00:00,0004147055
110 ST,IRTR18101-00-01,02/08/2020,03:00:00,0005387157
110 ST,IRTR18101-00-01,02/08/2020,07:00:00,0005387232
110 ST,IRTR18101-00-01,02/08/2020,11:00:00,0005387622
110 ST,IRTR18101-00-01,02/08/2020,15:00:00,0005388078
110 ST,IRTR18101-00-01,02/08/2020,19:00:00,0005388423
110 ST,IRTR18101-00-01,02/08/2020,23:00:00,0005388598
110 ST,IRTR18101-00-01,02/09/2020,03:00:00,0005388653
110 ST,IRTR18101-00-01,02/09/2020,07:00:00,0005388700
110 ST,IRTR18101-00-01,02/09/2020,11:00:00,0005388969
110 ST,IRTR18101-00-01,02/09/2020,15:00:00,0005389307
110 ST,IRTR18101-00-01,02/09/2020,19:00:00,0005389562
110 ST,IRTR18101-00-01,02/09/2020,23:00:00,0005389674
110 ST,IRTR18101-00-01,02/10/2020,03:00:00,0005389708
110 ST,IRTR18101-00-01,02/10/2020,07:00:00,0005389868
110 ST,IRTR18101-00-01,02/10/2020,11:00:00,0005390900
110 ST,IRTR18101-00-01,02/10/2020,15:00:00,0005391326
110 ST,IRTR18101-00-01,02/10/2020,19:00:00,0005391786
110 ST,IRTR18101-00-01,02/10/2020,23:00:00,0005391938
110 ST,IRTR18101-00-01,02/11/2020,03:00:00,0005391961
110 ST,IRTR18101-00-01,02/11/2020,07:00:00,0005392135
110 ST,IRTR18101-00-01,02/11/2020,11:00:00,0005393189
110 ST,IRTR18101-00-01,02/11/2020,15:00:00,0005393598
110 ST,IRTR18101-00-01,02/11/2020,19:00:00,0005394133
110 ST,IRTR18101-00-01,02/11/2020,23:00:00,0005394308
110 ST,IRTR18101-00-01,02/12/2020,03:00:00,0005394339
110 ST,IRTR18101-00-01,02/12/2020,07:00:00,0005394508
110 ST,IRTR18101-00-01,02/12/2020,11:00:00,0005395557
110 ST,IRTR18101-00-01,02/12/2020,15:00:00,0005395996
110 ST,IRTR18101-00-01,02/12/2020,19:00:00,0005396522
110 ST,IRTR18101-00-01,02/12/2020,23:00:00,0005396683
110 ST,IRTR18101-00-01,02/13/2020,03:00:00,0005396698
110 ST,IRTR18101-00-01,02/13/2020,07:00:00,0005396880
110 ST,IRTR18101-00-01,02/13/2020,11:00:00,0005397944
110 ST,IRTR18101-00-01,02/13/2020,15:00:00,0005398468
110 ST,IRTR18101-00-01,02/13/2020,19:00:00,0005399011
110 ST,IRTR18101-00-01,02/13/2020,23:00:00,0005399196
110 ST,IRTR18101-00-01,02/14/2020,03:00:00,0005399217
110 ST,IRTR18101-00-01,02/14/2020,07:00:00,0005399406
110 ST,IRTR18101-00-01,02/14/2020,11:00:00,0005400367
110 ST,IRTR18101-00-01,02/14/2020,15:00:00,0005400868
110 ST,IRTR18101-00-01,02/14/2020,19:00:00,0005400997
110 ST,IRTR18101-00-01,02/14/2020,23:00:00,0005400997
110 ST,IRTR18101-00-02,02/08/2020,03:00:00,0014438983
110 ST,IRTR18101-00-02,02/08/2020,07:00:00,0014439027
110 ST,IRTR18101-00-02,02/08/2020,11:00:00,0014439368
110 ST,IRTR18101-00-02,02/08/2020,15:00:00,0014439812
110 ST,IRTR18101-00-02,02/08/2020,19:00:00,0014440145
110 ST,IRTR18101-00-02,02/08/2020,23:00:00,0014440313
110 ST,IRTR18101-00-02,02/09/2020,03:00:00,0014440354
110 ST,IRTR18101-00-02,02/09/2020,07:00:00,0014440395
110 ST,IRTR18101-00-02,02/09/2020,11:00:00,0014440609
110 ST,IRTR18101-00-02,02/09/2020,15:00:00,0014440946
110 ST,IRTR18101-00-02,02/09/2020,19:00:00,0014441201
110 ST,IRTR18101-00-02,02/09/2020,23:00:00,0014441287
110 ST,IRTR18101-00-02,02/10/2020,03:00:00,0014441295
110 ST,IRTR18101-00-02,02/10/2020,07:00:00,0014441441
110 ST,IRTR18101-00-02,02/10/2020,11:00:00,0014442399
110 ST,IRTR18101-00-02,02/10/2020,15:00:00,0014442782
110 ST,IRTR18101-00-02,02/10/2020,19:00:00,0014443296
110 ST,IRTR18101-00-02,02/10/2020,23:00:00,0014443403
110 ST,IRTR18101-00-02,02/11/2020,03:00:00,0014443414
110 ST,IRTR18101-00-02,02/11/2020,07:00:00,0014443550
110 ST,IRTR18101-00-02,02/11/2020,11:00:00,0014444557
110 ST,IRTR18101-00-02,02/11/2020,15:00:00,0014444973
110 ST,IRTR18101-00-02,02/11/2020,19:00:00,0014445499
110 ST,IRTR18101-00-02,02/11/2020,23:00:00,0014445636
110 ST,IRTR18101-00-02,02/12/2020,03:00:00,0014445667
110 ST,IRTR18101-00-02,02/12/2020,07:00:00,0014445817
110 ST,IRTR18101-00-02,02/12/2020,11:00:00,0014446784
110 ST,IRTR18101-00-02,02/12/2020,15:00:00,0014447239
110 ST,IRTR18101-00-02,02/12/2020,19:00:00,0014447797
110 ST,IRTR18101-00-02,02/12/2020,23:00:00,0014447912
110 ST,IRTR18101-00-02,02/13/2020,03:00:00,0014447934
110 ST,IRTR18101-00-02,02/13/2020,07:00:00,0014448084
110 ST,IRTR18101-00-02,02/13/2020,11:00:00,0014449095
110 ST,IRTR18101-00-02,02/13/2020,15:00:00,0014449564
110 ST,IRTR18101-00-02,02/13/2020,19:00:00,0014450073
110 ST,IRTR18101-00-02,02/13/2020,23:00:00,0014450232
110 ST,IRTR18101-00-02,02/14/2020,03:00:00,0014450244
110 ST,IRTR18101-00-02,02/14/2020,07:00:00,0014450369
110 ST,IRTR18101-00-02,02/14/2020,11:00:00,0014451324
110 ST,IRTR18101-00-02,02/14/2020,15:00:00,0014451815
110 ST,IRTR18101-00-02,02/14/2020,19:00:00,0014452688
110 ST,IRTR18101-00-02,02/14/2020,23:00:00,0014453034
110 ST,IRTR18100-00-00,02/15/2020,03:00:00,0004948775
110 ST,IRTR18100-00-00,02/15/2020,07:00:00,0004948796
110 ST,IRTR18100-00-00,02/15/2020,11:00:00,0004948884
110 ST,IRTR18100-00-00,02/15/2020,15:00:00,0004949036
110 ST,IRTR18100-00-00,02/15/2020,19:00:00,0004949260
110 ST,IRTR18100-00-00,02/15/2020,23:00:00,0004949374
110 ST,IRTR18100-00-00,02/16/2020,03:00:00,0004949407
110 ST,IRTR18100-00-00,02/16/2020,07:00:00,0004949424
110 ST,IRTR18100-00-00,02/16/2020,11:00:00,0004949480
110 ST,IRTR18100-00-00,02/16/2020,15:00:00,0004949602
110 ST,IRTR18100-00-00,02/16/2020,19:00:00,0004949775
110 ST,IRTR18100-00-00,02/16/2020,23:00:00,0004949881
110 ST,IRTR18100-00-00,02/17/2020,03:00:00,0004949914
110 ST,IRTR18100-00-00,02/17/2020,07:00:00,0004949938
110 ST,IRTR18100-00-00,02/17/2020,11:00:00,0004950061
110 ST,IRTR18100-00-00,02/17/2020,15:00:00,0004950226
110 ST,IRTR18100-00-00,02/17/2020,19:00:00,0004950446
110 ST,IRTR18100-00-00,02/17/2020,23:00:00,0004950585
110 ST,IRTR18100-00-00,02/18/2020,03:00:00,0004950614
110 ST,IRTR18100-00-00,02/18/2020,07:00:00,0004950661
110 ST,IRTR18100-00-00,02/18/2020,11:00:00,0004950874
110 ST,IRTR18100-00-00,02/18/2020,15:00:00,0004951062
110 ST,IRTR18100-00-00,02/18/2020,19:00:00,0004951370
110 ST,IRTR18100-00-00,02/18/2020,23:00:00,0004951524
110 ST,IRTR18100-00-00,02/19/2020,03:00:00,0004951546
110 ST,IRTR18100-00-00,02/19/2020,07:00:00,0004951585
110 ST,IRTR18100-00-00,02/19/2020,11:00:00,0004951799
110 ST,IRTR18100-00-00,02/19/2020,15:00:00,0004951997
110 ST,IRTR18100-00-00,02/19/2020,19:00:00,0004952391
110 ST,IRTR18100-00-00,02/19/2020,23:00:00,0004952585
110 ST,IRTR18100-00-00,02/20/2020,03:00:00,0004952614
110 ST,IRTR18100-00-00,02/20/2020,07:00:00,0004952658
110 ST,IRTR18100-00-00,02/20/2020,11:00:00,0004952878
110 ST,IRTR18100-00-00,02/20/2020,15:00:00,0004953105
110 ST,IRTR18100-00-00,02/20/2020,19:00:00,0004953457
110 ST,IRTR18100-00-00,02/20/2020,23:00:00,0004953611
110 ST,IRTR18100-00-00,02/21/2020,03:00:00,0004953637
110 ST,IRTR18100-00-00,02/21/2020,07:00:00,0004953676
110 ST,IRTR18100-00-00,02/21/2020,08:07:15,0004953731
110 ST,IRTR18100-00-00,02/21/2020,11:00:00,0004953860
110 ST,IRTR18100-00-00,02/21/2020,15:00:00,0004954036
110 ST,IRTR18100-00-00,02/21/2020,19:00:00,0004954416
110 ST,IRTR18100-00-00,02/21/2020,23:00:00,0004954573
110 ST,IRTR18100-00-01,02/15/2020,03:00:00,0005673459
110 ST,IRTR18100-00-01,02/15/2020,07:00:00,0005673489
110 ST,IRTR18100-00-01,02/15/2020,11:00:00,0005673578
110 ST,IRTR18100-00-01,02/15/2020,15:00:00,0005673752
110 ST,IRTR18100-00-01,02/15/2020,19:00:00,0005673955
110 ST,IRTR18100-00-01,02/15/2020,23:00:00,0005674067
110 ST,IRTR18100-00-01,02/16/2020,03:00:00,0005674121
110 ST,IRTR18100-00-01,02/16/2020,07:00:00,0005674152
110 ST,IRTR18100-00-01,02/16/2020,11:00:00,0005674234
110 ST,IRTR18100-00-01,02/16/2020,15:00:00,0005674341
110 ST,IRTR18100-00-01,02/16/2020,19:00:00,0005674500
110 ST,IRTR18100-00-01,02/16/2020,23:00:00,0005674595
110 ST,IRTR18100-00-01,02/17/2020,03:00:00,0005674633
110 ST,IRTR18100-00-01,02/17/2020,07:00:00,0005674668
110 ST,IRTR18100-00-01,02/17/2020,11:00:00,0005674794
110 ST,IRTR18100-00-01,02/17/2020,15:00:00,0005675021
110 ST,IRTR18100-00-01,02/17/2020,19:00:00,0005675283
110 ST,IRTR18100-00-01,02/17/2020,23:00:00,0005675428
110 ST,IRTR18100-00-01,02/18/2020,03:00:00,0005675464
110 ST,IRTR18100-00-01,02/18/2020,07:00:00,0005675515
110 ST,IRTR18100-00-01,02/18/2020,11:00:00,0005675693
110 ST,IRTR18100-00-01,02/18/2020,15:00:00,0005675903
110 ST,IRTR18100-00-01,02/18/2020,19:00:00,0005676270
110 ST,IRTR18100-00-01,02/18/2020,23:00:00,0005676411
110 ST,IRTR18100-00-01,02/19/2020,03:00:00,0005676433
110 ST,IRTR18100-00-01,02/19/2020,07:00:00,0005676496
110 ST,IRTR18100-00-01,02/19/2020,11:00:00,0005676702
110 ST,IRTR18100-00-01,02/19/2020,15:00:00,0005676905
110 ST,IRTR18100-00-01,02/19/2020,19:00:00,0005677243
110 ST,IRTR18100-00-01,02/19/2020,23:00:00,0005677378
110 ST,IRTR18100-00-01,02/20/2020,03:00:00,0005677426
110 ST,IRTR18100-00-01,02/20/2020,07:00:00,0005677512
110 ST,IRTR18100-00-01,02/20/2020,11:00:00,0005677835
110 ST,IRTR18100-00-01,02/20/2020,15:00:00,0005678039
110 ST,IRTR18100-00-01,02/20/2020,19:00:00,0005678391
110 ST,IRTR18100-00-01,02/20/2020,23:00:00,0005678554
110 ST,IRTR18100-00-01,02/21/2020,03:00:00,0005678586
110 ST,IRTR18100-00-01,02/21/2020,07:00:00,0005678630
110 ST,IRTR18100-00-01,02/21/2020,08:07:15,0005678685
110 ST,IRTR18100-00-01,02/21/2020,11:00:00,0005678817
110 ST,IRTR18100-00-01,02/21/2020,15:00:00,0005678981
110 ST,IRTR18100-00-01,02/21/2020,19:00:00,0005679299
110 ST,IRTR18100-00-01,02/21/2020,23:00:00,0005679456
110 ST,IRTR18100-00-02,02/15/2020,03:00:00,0005664586
110 ST,IRTR18100-00-02,02/15/2020,07:00:00,0005664600
110 ST,IRTR18100-00-02,02/15/2020,11:00:00,0005664652
110 ST,IRTR18100-00-02,02/15/2020,15:00:00,0005664748
110 ST,IRTR18100-00-02,02/15/2020,19:00:00,0005664914
110 ST,IRTR18100-00-02,02/15/2020,23:00:00,0005665006
110 ST,IRTR18100-00-02,02/16/2020,03:00:00,0005665026
110 ST,IRTR18100-00-02,02/16/2020,07:00:00,0005665040
110 ST,IRTR18100-00-02,02/16/2020,11:00:00,0005665093
110 ST,IRTR18100-00-02,02/16/2020,15:00:00,0005665174
110 ST,IRTR18100-00-02,02/16/2020,19:00:00,0005665262
110 ST,IRTR18100-00-02,02/16/2020,23:00:00,0005665320
110 ST,IRTR18100-00-02,02/17/2020,03:00:00,0005665342
110 ST,IRTR18100-00-02,02/17/2020,07:00:00,0005665373
110 ST,IRTR18100-00-02,02/17/2020,11:00:00,0005665411
110 ST,IRTR18100-00-02,02/17/2020,15:00:00,0005665432
110 ST,IRTR18100-00-02,02/17/2020,19:00:00,0005665552
110 ST,IRTR18100-00-02,02/17/2020,23:00:00,0005665618
110 ST,IRTR18100-00-02,02/18/2020,03:00:00,0005665637
110 ST,IRTR18100-00-02,02/18/2020,07:00:00,0005665657
110 ST,IRTR18100-00-02,02/18/2020,11:00:00,0005665766
110 ST,IRTR18100-00-02,02/18/2020,15:00:00,0005665878
110 ST,IRTR18100-00-02,02/18/2020,19:00:00,0005666138
110 ST,IRTR18100-00-02,02/18/2020,23:00:00,0005666238
110 ST,IRTR18100-00-02,02/19/2020,03:00:00,0005666256
110 ST,IRTR18100-00-02,02/19/2020,07:00:00,0005666284
110 ST,IRTR18100-00-02,02/19/2020,11:00:00,0005666425
110 ST,IRTR18100-00-02,02/19/2020,15:00:00,0005666539
110 ST,IRTR18100-00-02,02/19/2020,19:00:00,0005666798
110 ST,IRTR18100-00-02,02/19/2020,23:00:00,0005666935
110 ST,IRTR18100-00-02,02/20/2020,03:00:00,0005666935
110 ST,IRTR18100-00-02,02/20/2020,07:00:00,0005666935
110 ST,IRTR18100-00-02,02/20/2020,11:00:00,0005666946
110 ST,IRTR18100-00-02,02/20/2020,15:00:00,0005667077
110 ST,IRTR18100-00-02,02/20/2020,19:00:00,0005667397
110 ST,IRTR18100-00-02,02/20/2020,23:00:00,0005667538
110 ST,IRTR18100-00-02,02/21/2020,03:00:00,0005667566
110 ST,IRTR18100-00-02,02/21/2020,07:00:00,0005667592
110 ST,IRTR18100-00-02,02/21/2020,08:07:15,0005667616
110 ST,IRTR18100-00-02,02/21/2020,11:00:00,0005667713
110 ST,IRTR18100-00-02,02/21/2020,15:00:00,0005667868
110 ST,IRTR18100-00-02,02/21/2020,19:00:00,0005668173
110 ST,IRTR18100-00-02,02/21/2020,23:00:00,0005668300
110 ST,IRTR18101-00-00,02/15/2020,03:00:00,0004147133
110 ST,IRTR18101-00-00,02/15/2020,07:00:00,0004147280
110 ST,IRTR18101-00-00,02/15/2020,11:00:00,0004147846
110 ST,IRTR18101-00-00,02/15/2020,15:00:00,0004148477
110 ST,IRTR18101-00-00,02/15/2020,19:00:00,0004148866
110 ST,IRTR18101-00-00,02/15/2020,23:00:00,0004149047
110 ST,IRTR18101-00-00,02/16/2020,03:00:00,0004149094
110 ST,IRTR18101-00-00,02/16/2020,07:00:00,0004149169
110 ST,IRTR18101-00-00,02/16/2020,11:00:00,0004149501
110 ST,IRTR18101-00-00,02/16/2020,15:00:00,0004149908
110 ST,IRTR18101-00-00,02/16/2020,19:00:00,0004150283
110 ST,IRTR18101-00-00,02/16/2020,23:00:00,0004150417
110 ST,IRTR18101-00-00,02/17/2020,03:00:00,0004150451
110 ST,IRTR18101-00-00,02/17/2020,07:00:00,0004150610
110 ST,IRTR18101-00-00,02/17/2020,11:00:00,0004151105
110 ST,IRTR18101-00-00,02/17/2020,15:00:00,0004151562
110 ST,IRTR18101-00-00,02/17/2020,19:00:00,0004151950
110 ST,IRTR18101-00-00,02/17/2020,23:00:00,0004152100
110 ST,IRTR18101-00-00,02/18/2020,03:00:00,0004152137
110 ST,IRTR18101-00-00,02/18/2020,07:00:00,0004152360
110 ST,IRTR18101-00-00,02/18/2020,11:00:00,0004153341
110 ST,IRTR18101-00-00,02/18/2020,15:00:00,0004153843
110 ST,IRTR18101-00-00,02/18/2020,19:00:00,0004154345
110 ST,IRTR18101-00-00,02/18/2020,23:00:00,0004154521
110 ST,IRTR18101-00-00,02/19/2020,03:00:00,0004154560
110 ST,IRTR18101-00-00,02/19/2020,07:00:00,0004154779
110 ST,IRTR18101-00-00,02/19/2020,11:00:00,0004155816
110 ST,IRTR18101-00-00,02/19/2020,15:00:00,0004156282
110 ST,IRTR18101-00-00,02/19/2020,19:00:00,0004156837
110 ST,IRTR18101-00-00,02/19/2020,23:00:00,0004157061
110 ST,IRTR18101-00-00,02/20/2020,03:00:00,0004157094
110 ST,IRTR18101-00-00,02/20/2020,07:00:00,0004157316
110 ST,IRTR18101-00-00,02/20/2020,11:00:00,0004158313
110 ST,IRTR18101-00-00,02/20/2020,15:00:00,0004158832
110 ST,IRTR18101-00-00,02/20/2020,19:00:00,0004159390
110 ST,IRTR18101-00-00,02/20/2020,23:00:00,0004159582
110 ST,IRTR18101-00-00,02/21/2020,03:00:00,0004159623
110 ST,IRTR18101-00-00,02/21/2020,07:00:00,0004159851
110 ST,IRTR18101-00-00,02/21/2020,08:08:38,0004160122
110 ST,IRTR18101-00-00,02/21/2020,11:00:00,0004160851
110 ST,IRTR18101-00-00,02/21/2020,15:00:00,0004161399
110 ST,IRTR18101-00-00,02/21/2020,19:00:00,0004161963
110 ST,IRTR18101-00-00,02/21/2020,23:00:00,0004162210
110 ST,IRTR18101-00-01,02/15/2020,03:00:00,0005400997
110 ST,IRTR18101-00-01,02/15/2020,07:00:00,0005400997
110 ST,IRTR18101-00-01,02/15/2020,11:00:00,0005400997
110 ST,IRTR18101-00-01,02/15/2020,15:00:00,0005401025
110 ST,IRTR18101-00-01,02/15/2020,19:00:00,0005401341
110 ST,IRTR18101-00-01,02/15/2020,23:00:00,0005401505
110 ST,IRTR18101-00-01,02/16/2020,03:00:00,0005401548
110 ST,IRTR18101-00-01,02/16/2020,07:00:00,0005401606
110 ST,IRTR18101-00-01,02/16/2020,11:00:00,0005401834
110 ST,IRTR18101-00-01,02/16/2020,15:00:00,0005402148
110 ST,IRTR18101-00-01,02/16/2020,19:00:00,0005402425
110 ST,IRTR18101-00-01,02/16/2020,23:00:00,0005402545
110 ST,IRTR18101-00-01,02/17/2020,03:00:00,0005402571
110 ST,IRTR18101-00-01,02/17/2020,07:00:00,0005402664
110 ST,IRTR18101-00-01,02/17/2020,11:00:00,0005403071
110 ST,IRTR18101-00-01,02/17/2020,15:00:00,0005403414
110 ST,IRTR18101-00-01,02/17/2020,19:00:00,0005403734
110 ST,IRTR18101-00-01,02/17/2020,23:00:00,0005403862
110 ST,IRTR18101-00-01,02/18/2020,03:00:00,0005403883
110 ST,IRTR18101-00-01,02/18/2020,07:00:00,0005404038
110 ST,IRTR18101-00-01,02/18/2020,11:00:00,0005404957
110 ST,IRTR18101-00-01,02/18/2020,15:00:00,0005405370
110 ST,IRTR18101-00-01,02/18/2020,19:00:00,0005405804
110 ST,IRTR18101-00-01,02/18/2020,23:00:00,0005405959
110 ST,IRTR18101-00-01,02/19/2020,03:00:00,0005405981
110 ST,IRTR18101-00-01,02/19/2020,07:00:00,0005406135
110 ST,IRTR18101-00-01,02/19/2020,11:00:00,0005407086
110 ST,IRTR18101-00-01,02/19/2020,15:00:00,0005407485
110 ST,IRTR18101-00-01,02/19/2020,19:00:00,0005407902
110 ST,IRTR18101-00-01,02/19/2020,23:00:00,0005408054
110 ST,IRTR18101-00-01,02/20/2020,03:00:00,0005408077
110 ST,IRTR18101-00-01,02/20/2020,07:00:00,0005408222
110 ST,IRTR18101-00-01,02/20/2020,11:00:00,0005409133
110 ST,IRTR18101-00-01,02/20/2020,15:00:00,0005409551
110 ST,IRTR18101-00-01,02/20/2020,19:00:00,0005410026
110 ST,IRTR18101-00-01,02/20/2020,23:00:00,0005410202
110 ST,IRTR18101-00-01,02/21/2020,03:00:00,0005410222
110 ST,IRTR18101-00-01,02/21/2020,07:00:00,0005410378
110 ST,IRTR18101-00-01,02/21/2020,08:08:38,0005410597
110 ST,IRTR18101-00-01,02/21/2020,11:00:00,0005411205
110 ST,IRTR18101-00-01,02/21/2020,15:00:00,0005411609
110 ST,IRTR18101-00-01,02/21/2020,19:00:00,0005412146
110 ST,IRTR18101-00-01,02/21/2020,23:00:00,0005412353
110 ST,IRTR18101-00-02,02/15/2020,03:00:00,0014453079
110 ST,IRTR18101-00-02,02/15/2020,07:00:00,0014453146
110 ST,IRTR18101-00-02,02/15/2020,11:00:00,0014453562
110 ST,IRTR18101-00-02,02/15/2020,15:00:00,0014454061
110 ST,IRTR18101-00-02,02/15/2020,19:00:00,0014454396
110 ST,IRTR18101-00-02,02/15/2020,23:00:00,0014454551
110 ST,IRTR18101-00-02,02/16/2020,03:00:00,0014454579
110 ST,IRTR18101-00-02,02/16/2020,07:00:00,0014454616
110 ST,IRTR18101-00-02,02/16/2020,11:00:00,0014454804
110 ST,IRTR18101-00-02,02/16/2020,15:00:00,0014455115
110 ST,IRTR18101-00-02,02/16/2020,19:00:00,0014455306
110 ST,IRTR18101-00-02,02/16/2020,23:00:00,0014455407
110 ST,IRTR18101-00-02,02/17/2020,03:00:00,0014455422
110 ST,IRTR18101-00-02,02/17/2020,07:00:00,0014455496
110 ST,IRTR18101-00-02,02/17/2020,11:00:00,0014455910
110 ST,IRTR18101-00-02,02/17/2020,15:00:00,0014456281
110 ST,IRTR18101-00-02,02/17/2020,19:00:00,0014456619
110 ST,IRTR18101-00-02,02/17/2020,23:00:00,0014456731
110 ST,IRTR18101-00-02,02/18/2020,03:00:00,0014456745
110 ST,IRTR18101-00-02,02/18/2020,07:00:00,0014456871
110 ST,IRTR18101-00-02,02/18/2020,11:00:00,0014457728
110 ST,IRTR18101-00-02,02/18/2020,15:00:00,0014458114
110 ST,IRTR18101-00-02,02/18/2020,19:00:00,0014458602
110 ST,IRTR18101-00-02,02/18/2020,23:00:00,0014458717
110 ST,IRTR18101-00-02,02/19/2020,03:00:00,0014458732
110 ST,IRTR18101-00-02,02/19/2020,07:00:00,0014458866
110 ST,IRTR18101-00-02,02/19/2020,11:00:00,0014459726
110 ST,IRTR18101-00-02,02/19/2020,15:00:00,0014460107
110 ST,IRTR18101-00-02,02/19/2020,19:00:00,0014460570
110 ST,IRTR18101-00-02,02/19/2020,23:00:00,0014460716
110 ST,IRTR18101-00-02,02/20/2020,03:00:00,0014460728
110 ST,IRTR18101-00-02,02/20/2020,07:00:00,0014460869
110 ST,IRTR18101-00-02,02/20/2020,11:00:00,0014461746
110 ST,IRTR18101-00-02,02/20/2020,15:00:00,0014462148
110 ST,IRTR18101-00-02,02/20/2020,19:00:00,0014462660
110 ST,IRTR18101-00-02,02/20/2020,23:00:00,0014462815
110 ST,IRTR18101-00-02,02/21/2020,03:00:00,0014462837
110 ST,IRTR18101-00-02,02/21/2020,07:00:00,0014462975
110 ST,IRTR18101-00-02,02/21/2020,08:08:38,0014463187
110 ST,IRTR18101-00-02,02/21/2020,11:00:00,0014463785
110 ST,IRTR18101-00-02,02/21/2020,15:00:00,0014464192
110 ST,IRTR18101-00-02,02/21/2020,19:00:00,0014464694
110 ST,IRTR18101-00-02,02/21/2020,23:00:00,0014464883
110 ST,IRTR18100-00-00,02/22/2020,03:00:00,0004954601
110 ST,IRTR18100-00-00,02/22/2020,07:00:00,0004954619
110 ST,IRTR18100-00-00,02/22/2020,11:00:00,0004954707
110 ST,IRTR18100-00-00,02/22/2020,15:00:00,0004954870
110 ST,IRTR18100-00-00,02/22/2020,19:00:00,0004955084
110 ST,IRTR18100-00-00,02/22/2020,23:00:00,0004955196
110 ST,IRTR18100-00-00,02/23/2020,03:00:00,0004955239
110 ST,IRTR18100-00-00,02/23/2020,07:00:00,0004955254
110 ST,IRTR18100-00-00,02/23/2020,11:00:00,0004955330
110 ST,IRTR18100-00-00,02/23/2020,15:00:00,0004955450
110 ST,IRTR18100-00-00,02/23/2020,19:00:00,0004955614
110 ST,IRTR18100-00-00,02/23/2020,23:00:00,0004955700
110 ST,IRTR18100-00-00,02/24/2020,03:00:00,0004955726
110 ST,IRTR18100-00-00,02/24/2020,07:00:00,0004955784
110 ST,IRTR18100-00-00,02/24/2020,11:00:00,0004956073
110 ST,IRTR18100-00-00,02/24/2020,15:00:00,0004956330
110 ST,IRTR18100-00-00,02/24/2020,19:00:00,0004956879
110 ST,IRTR18100-00-00,02/24/2020,23:00:00,0004957039
110 ST,IRTR18100-00-00,02/25/2020,03:00:00,0004957061
110 ST,IRTR18100-00-00,02/25/2020,07:00:00,0004957122
110 ST,IRTR18100-00-00,02/25/2020,11:00:00,0004957397
110 ST,IRTR18100-00-00,02/25/2020,15:00:00,0004957675
110 ST,IRTR18100-00-00,02/25/2020,19:00:00,0004958186
110 ST,IRTR18100-00-00,02/25/2020,23:00:00,0004958344
110 ST,IRTR18100-00-00,02/26/2020,03:00:00,0004958374
110 ST,IRTR18100-00-00,02/26/2020,07:00:00,0004958435
110 ST,IRTR18100-00-00,02/26/2020,11:00:00,0004958749
110 ST,IRTR18100-00-00,02/26/2020,15:00:00,0004959080
110 ST,IRTR18100-00-00,02/26/2020,19:00:00,0004959598
110 ST,IRTR18100-00-00,02/26/2020,23:00:00,0004959777
110 ST,IRTR18100-00-00,02/27/2020,03:00:00,0004959808
110 ST,IRTR18100-00-00,02/27/2020,07:00:00,0004959861
110 ST,IRTR18100-00-00,02/27/2020,11:00:00,0004960269
110 ST,IRTR18100-00-00,02/27/2020,15:00:00,0004960547
110 ST,IRTR18100-00-00,02/27/2020,19:00:00,0004960990
110 ST,IRTR18100-00-00,02/27/2020,23:00:00,0004961138
110 ST,IRTR18100-00-00,02/28/2020,03:00:00,0004961171
110 ST,IRTR18100-00-00,02/28/2020,07:00:00,0004961226
110 ST,IRTR18100-00-00,02/28/2020,11:00:00,0004961520
110 ST,IRTR18100-00-00,02/28/2020,15:00:00,0004961801
110 ST,IRTR18100-00-00,02/28/2020,19:00:00,0004962288
110 ST,IRTR18100-00-00,02/28/2020,23:00:00,0004962476
110 ST,IRTR18100-00-01,02/22/2020,03:00:00,0005679502
110 ST,IRTR18100-00-01,02/22/2020,07:00:00,0005679531
110 ST,IRTR18100-00-01,02/22/2020,11:00:00,0005679650
110 ST,IRTR18100-00-01,02/22/2020,15:00:00,0005679827
110 ST,IRTR18100-00-01,02/22/2020,19:00:00,0005680006
110 ST,IRTR18100-00-01,02/22/2020,23:00:00,0005680143
110 ST,IRTR18100-00-01,02/23/2020,03:00:00,0005680191
110 ST,IRTR18100-00-01,02/23/2020,07:00:00,0005680212
110 ST,IRTR18100-00-01,02/23/2020,11:00:00,0005680272
110 ST,IRTR18100-00-01,02/23/2020,15:00:00,0005680383
110 ST,IRTR18100-00-01,02/23/2020,19:00:00,0005680532
110 ST,IRTR18100-00-01,02/23/2020,23:00:00,0005680628
110 ST,IRTR18100-00-01,02/24/2020,03:00:00,0005680659
110 ST,IRTR18100-00-01,02/24/2020,07:00:00,0005680719
110 ST,IRTR18100-00-01,02/24/2020,11:00:00,0005680984
110 ST,IRTR18100-00-01,02/24/2020,15:00:00,0005681331
110 ST,IRTR18100-00-01,02/24/2020,19:00:00,0005681972
110 ST,IRTR18100-00-01,02/24/2020,23:00:00,0005682114
110 ST,IRTR18100-00-01,02/25/2020,03:00:00,0005682145
110 ST,IRTR18100-00-01,02/25/2020,07:00:00,0005682209
110 ST,IRTR18100-00-01,02/25/2020,11:00:00,0005682476
110 ST,IRTR18100-00-01,02/25/2020,15:00:00,0005682683
110 ST,IRTR18100-00-01,02/25/2020,19:00:00,0005683150
110 ST,IRTR18100-00-01,02/25/2020,23:00:00,0005683285
110 ST,IRTR18100-00-01,02/26/2020,03:00:00,0005683315
110 ST,IRTR18100-00-01,02/26/2020,07:00:00,0005683375
110 ST,IRTR18100-00-01,02/26/2020,11:00:00,0005683702
110 ST,IRTR18100-00-01,02/26/2020,15:00:00,0005683947
110 ST,IRTR18100-00-01,02/26/2020,19:00:00,0005684374
110 ST,IRTR18100-00-01,02/26/2020,23:00:00,0005684535
110 ST,IRTR18100-00-01,02/27/2020,03:00:00,0005684566
110 ST,IRTR18100-00-01,02/27/2020,07:00:00,0005684628
110 ST,IRTR18100-00-01,02/27/2020,11:00:00,0005684874
110 ST,IRTR18100-00-01,02/27/2020,15:00:00,0005685096
110 ST,IRTR18100-00-01,02/27/2020,19:00:00,0005685590
110 ST,IRTR18100-00-01,02/27/2020,23:00:00,0005685744
110 ST,IRTR18100-00-01,02/28/2020,03:00:00,0005685778
110 ST,IRTR18100-00-01,02/28/2020,07:00:00,0005685838
110 ST,IRTR18100-00-01,02/28/2020,11:00:00,0005686090
110 ST,IRTR18100-00-01,02/28/2020,15:00:00,0005686324
110 ST,IRTR18100-00-01,02/28/2020,19:00:00,0005686763
110 ST,IRTR18100-00-01,02/28/2020,23:00:00,0005686910
110 ST,IRTR18100-00-02,02/22/2020,03:00:00,0005668331
110 ST,IRTR18100-00-02,02/22/2020,07:00:00,0005668352
110 ST,IRTR18100-00-02,02/22/2020,11:00:00,0005668426
110 ST,IRTR18100-00-02,02/22/2020,15:00:00,0005668547
110 ST,IRTR18100-00-02,02/22/2020,19:00:00,0005668711
110 ST,IRTR18100-00-02,02/22/2020,23:00:00,0005668810
110 ST,IRTR18100-00-02,02/23/2020,03:00:00,0005668843
110 ST,IRTR18100-00-02,02/23/2020,07:00:00,0005668858
110 ST,IRTR18100-00-02,02/23/2020,11:00:00,0005668890
110 ST,IRTR18100-00-02,02/23/2020,15:00:00,0005668962
110 ST,IRTR18100-00-02,02/23/2020,19:00:00,0005669073
110 ST,IRTR18100-00-02,02/23/2020,23:00:00,0005669135
110 ST,IRTR18100-00-02,02/24/2020,03:00:00,0005669153
110 ST,IRTR18100-00-02,02/24/2020,07:00:00,0005669194
110 ST,IRTR18100-00-02,02/24/2020,11:00:00,0005669390
110 ST,IRTR18100-00-02,02/24/2020,15:00:00,0005669429
110 ST,IRTR18100-00-02,02/24/2020,19:00:00,0005669542
110 ST,IRTR18100-00-02,02/24/2020,23:00:00,0005669623
110 ST,IRTR18100-00-02,02/25/2020,03:00:00,0005669643
110 ST,IRTR18100-00-02,02/25/2020,07:00:00,0005669684
110 ST,IRTR18100-00-02,02/25/2020,11:00:00,0005669893
110 ST,IRTR18100-00-02,02/25/2020,15:00:00,0005669975
110 ST,IRTR18100-00-02,02/25/2020,19:00:00,0005670366
110 ST,IRTR18100-00-02,02/25/2020,23:00:00,0005670503
110 ST,IRTR18100-00-02,02/26/2020,03:00:00,0005670520
110 ST,IRTR18100-00-02,02/26/2020,07:00:00,0005670554
110 ST,IRTR18100-00-02,02/26/2020,11:00:00,0005670692
110 ST,IRTR18100-00-02,02/26/2020,15:00:00,0005670804
110 ST,IRTR18100-00-02,02/26/2020,19:00:00,0005671175
110 ST,IRTR18100-00-02,02/26/2020,23:00:00,0005671259
110 ST,IRTR18100-00-02,02/27/2020,03:00:00,0005671275
110 ST,IRTR18100-00-02,02/27/2020,07:00:00,0005671324
110 ST,IRTR18100-00-02,02/27/2020,11:00:00,0005671403
110 ST,IRTR18100-00-02,02/27/2020,15:00:00,0005671559
110 ST,IRTR18100-00-02,02/27/2020,19:00:00,0005671949
110 ST,IRTR18100-00-02,02/27/2020,23:00:00,0005672075
110 ST,IRTR18100-00-02,02/28/2020,03:00:00,0005672090
110 ST,IRTR18100-00-02,02/28/2020,07:00:00,0005672127
110 ST,IRTR18100-00-02,02/28/2020,11:00:00,0005672338
110 ST,IRTR18100-00-02,02/28/2020,15:00:00,0005672516
110 ST,IRTR18100-00-02,02/28/2020,19:00:00,0005672902
110 ST,IRTR18100-00-02,02/28/2020,23:00:00,0005673045
110 ST,IRTR18101-00-00,02/22/2020,03:00:00,0004162261
110 ST,IRTR18101-00-00,02/22/2020,07:00:00,0004162377
110 ST,IRTR18101-00-00,02/22/2020,11:00:00,0004162797
110 ST,IRTR18101-00-00,02/22/2020,15:00:00,0004163239
110 ST,IRTR18101-00-00,02/22/2020,19:00:00,0004163653
110 ST,IRTR18101-00-00,02/22/2020,23:00:00,0004163866
110 ST,IRTR18101-00-00,02/23/2020,03:00:00,0004163929
110 ST,IRTR18101-00-00,02/23/2020,07:00:00,0004164012
110 ST,IRTR18101-00-00,02/23/2020,11:00:00,0004164347
110 ST,IRTR18101-00-00,02/23/2020,15:00:00,0004164741
110 ST,IRTR18101-00-00,02/23/2020,19:00:00,0004165041
110 ST,IRTR18101-00-00,02/23/2020,23:00:00,0004165160
110 ST,IRTR18101-00-00,02/24/2020,03:00:00,0004165196
110 ST,IRTR18101-00-00,02/24/2020,07:00:00,0004165436
110 ST,IRTR18101-00-00,02/24/2020,11:00:00,0004166473
110 ST,IRTR18101-00-00,02/24/2020,15:00:00,0004166954
110 ST,IRTR18101-00-00,02/24/2020,19:00:00,0004167537
110 ST,IRTR18101-00-00,02/24/2020,23:00:00,0004167712
110 ST,IRTR18101-00-00,02/25/2020,03:00:00,0004167738
110 ST,IRTR18101-00-00,02/25/2020,07:00:00,0004167962
110 ST,IRTR18101-00-00,02/25/2020,11:00:00,0004169152
110 ST,IRTR18101-00-00,02/25/2020,15:00:00,0004169644
110 ST,IRTR18101-00-00,02/25/2020,19:00:00,0004170249
110 ST,IRTR18101-00-00,02/25/2020,23:00:00,0004170432
110 ST,IRTR18101-00-00,02/26/2020,03:00:00,0004170467
110 ST,IRTR18101-00-00,02/26/2020,07:00:00,0004170709
110 ST,IRTR18101-00-00,02/26/2020,11:00:00,0004171848
110 ST,IRTR18101-00-00,02/26/2020,15:00:00,0004172389
110 ST,IRTR18101-00-00,02/26/2020,19:00:00,0004173005
110 ST,IRTR18101-00-00,02/26/2020,23:00:00,0004173210
110 ST,IRTR18101-00-00,02/27/2020,03:00:00,0004173253
110 ST,IRTR18101-00-00,02/27/2020,07:00:00,0004173492
110 ST,IRTR18101-00-00,02/27/2020,11:00:00,0004174558
110 ST,IRTR18101-00-00,02/27/2020,15:00:00,0004175061
110 ST,IRTR18101-00-00,02/27/2020,19:00:00,0004175681
110 ST,IRTR18101-00-00,02/27/2020,23:00:00,0004175891
110 ST,IRTR18101-00-00,02/28/2020,03:00:00,0004175925
110 ST,IRTR18101-00-00,02/28/2020,07:00:00,0004176162
110 ST,IRTR18101-00-00,02/28/2020,11:00:00,0004177262
110 ST,IRTR18101-00-00,02/28/2020,15:00:00,0004177808
110 ST,IRTR18101-00-00,02/28/2020,19:00:00,0004178485
110 ST,IRTR18101-00-00,02/28/2020,23:00:00,0004178727
110 ST,IRTR18101-00-01,02/22/2020,03:00:00,0005412382
110 ST,IRTR18101-00-01,02/22/2020,07:00:00,0005412452
110 ST,IRTR18101-00-01,02/22/2020,11:00:00,0005412776
110 ST,IRTR18101-00-01,02/22/2020,15:00:00,0005413204
110 ST,IRTR18101-00-01,02/22/2020,19:00:00,0005413584
110 ST,IRTR18101-00-01,02/22/2020,23:00:00,0005413737
110 ST,IRTR18101-00-01,02/23/2020,03:00:00,0005413781
110 ST,IRTR18101-00-01,02/23/2020,07:00:00,0005413832
110 ST,IRTR18101-00-01,02/23/2020,11:00:00,0005414086
110 ST,IRTR18101-00-01,02/23/2020,15:00:00,0005414401
110 ST,IRTR18101-00-01,02/23/2020,19:00:00,0005414646
110 ST,IRTR18101-00-01,02/23/2020,23:00:00,0005414755
110 ST,IRTR18101-00-01,02/24/2020,03:00:00,0005414776
110 ST,IRTR18101-00-01,02/24/2020,07:00:00,0005414957
110 ST,IRTR18101-00-01,02/24/2020,11:00:00,0005415982
110 ST,IRTR18101-00-01,02/24/2020,15:00:00,0005416372
110 ST,IRTR18101-00-01,02/24/2020,19:00:00,0005416864
110 ST,IRTR18101-00-01,02/24/2020,23:00:00,0005417003
110 ST,IRTR18101-00-01,02/25/2020,03:00:00,0005417031
110 ST,IRTR18101-00-01,02/25/2020,07:00:00,0005417211
110 ST,IRTR18101-00-01,02/25/2020,11:00:00,0005418285
110 ST,IRTR18101-00-01,02/25/2020,15:00:00,0005418703
110 ST,IRTR18101-00-01,02/25/2020,19:00:00,0005419272
110 ST,IRTR18101-00-01,02/25/2020,23:00:00,0005419425
110 ST,IRTR18101-00-01,02/26/2020,03:00:00,0005419444
110 ST,IRTR18101-00-01,02/26/2020,07:00:00,0005419627
110 ST,IRTR18101-00-01,02/26/2020,11:00:00,0005420687
110 ST,IRTR18101-00-01,02/26/2020,15:00:00,0005421156
110 ST,IRTR18101-00-01,02/26/2020,19:00:00,0005421737
110 ST,IRTR18101-00-01,02/26/2020,23:00:00,0005421895
110 ST,IRTR18101-00-01,02/27/2020,03:00:00,0005421915
110 ST,IRTR18101-00-01,02/27/2020,07:00:00,0005422106
110 ST,IRTR18101-00-01,02/27/2020,11:00:00,0005423198
110 ST,IRTR18101-00-01,02/27/2020,15:00:00,0005423638
110 ST,IRTR18101-00-01,02/27/2020,19:00:00,0005424203
110 ST,IRTR18101-00-01,02/27/2020,23:00:00,0005424371
110 ST,IRTR18101-00-01,02/28/2020,03:00:00,0005424394
110 ST,IRTR18101-00-01,02/28/2020,07:00:00,0005424567
110 ST,IRTR18101-00-01,02/28/2020,11:00:00,0005425529
110 ST,IRTR18101-00-01,02/28/2020,15:00:00,0005425995
110 ST,IRTR18101-00-01,02/28/2020,19:00:00,0005426585
110 ST,IRTR18101-00-01,02/28/2020,23:00:00,0005426778
110 ST,IRTR18101-00-02,02/22/2020,03:00:00,0014464913
110 ST,IRTR18101-00-02,02/22/2020,07:00:00,0014464966
110 ST,IRTR18101-00-02,02/22/2020,11:00:00,0014465309
110 ST,IRTR18101-00-02,02/22/2020,15:00:00,0014465702
110 ST,IRTR18101-00-02,02/22/2020,19:00:00,0014466048
110 ST,IRTR18101-00-02,02/22/2020,23:00:00,0014466190
110 ST,IRTR18101-00-02,02/23/2020,03:00:00,0014466228
110 ST,IRTR18101-00-02,02/23/2020,07:00:00,0014466271
110 ST,IRTR18101-00-02,02/23/2020,11:00:00,0014466482
110 ST,IRTR18101-00-02,02/23/2020,15:00:00,0014466792
110 ST,IRTR18101-00-02,02/23/2020,19:00:00,0014467042
110 ST,IRTR18101-00-02,02/23/2020,23:00:00,0014467147
110 ST,IRTR18101-00-02,02/24/2020,03:00:00,0014467166
110 ST,IRTR18101-00-02,02/24/2020,07:00:00,0014467317
110 ST,IRTR18101-00-02,02/24/2020,11:00:00,0014468331
110 ST,IRTR18101-00-02,02/24/2020,15:00:00,0014468747
110 ST,IRTR18101-00-02,02/24/2020,19:00:00,0014469243
110 ST,IRTR18101-00-02,02/24/2020,23:00:00,0014469350
110 ST,IRTR18101-00-02,02/25/2020,03:00:00,0014469370
110 ST,IRTR18101-00-02,02/25/2020,07:00:00,0014469513
110 ST,IRTR18101-00-02,02/25/2020,11:00:00,0014470444
110 ST,IRTR18101-00-02,02/25/2020,15:00:00,0014470829
110 ST,IRTR18101-00-02,02/25/2020,19:00:00,0014471396
110 ST,IRTR18101-00-02,02/25/2020,23:00:00,0014471529
110 ST,IRTR18101-00-02,02/26/2020,03:00:00,0014471546
110 ST,IRTR18101-00-02,02/26/2020,07:00:00,0014471683
110 ST,IRTR18101-00-02,02/26/2020,11:00:00,0014472713
110 ST,IRTR18101-00-02,02/26/2020,15:00:00,0014473148
110 ST,IRTR18101-00-02,02/26/2020,19:00:00,0014473704
110 ST,IRTR18101-00-02,02/26/2020,23:00:00,0014473853
110 ST,IRTR18101-00-02,02/27/2020,03:00:00,0014473863
110 ST,IRTR18101-00-02,02/27/2020,07:00:00,0014473993
110 ST,IRTR18101-00-02,02/27/2020,11:00:00,0014475063
110 ST,IRTR18101-00-02,02/27/2020,15:00:00,0014475509
110 ST,IRTR18101-00-02,02/27/2020,19:00:00,0014476077
110 ST,IRTR18101-00-02,02/27/2020,23:00:00,0014476217
110 ST,IRTR18101-00-02,02/28/2020,03:00:00,0014476237
110 ST,IRTR18101-00-02,02/28/2020,07:00:00,0014476383
110 ST,IRTR18101-00-02,02/28/2020,11:00:00,0014477386
110 ST,IRTR18101-00-02,02/28/2020,15:00:00,0014477876
110 ST,IRTR18101-00-02,02/28/2020,19:00:00,0014478451
110 ST,IRTR18101-00-02,02/28/2020,23:00:00,0014478627
110 ST,IRTR18100-00-00,02/29/2020,03:00:00,0004962515
110 ST,IRTR18100-00-00,02/29/2020,07:00:00,0004962536
110 ST,IRTR18100-00-00,02/29/2020,11:00:00,0004962645
110 ST,IRTR18100-00-00,02/29/2020,15:00:00,0004962810
110 ST,IRTR18100-00-00,02/29/2020,19:00:00,0004963018
110 ST,IRTR18100-00-00,02/29/2020,23:00:00,0004963172
110 ST,IRTR18100-00-00,03/01/2020,03:00:00,0004963209
110 ST,IRTR18100-00-00,03/01/2020,07:00:00,0004963222
110 ST,IRTR18100-00-00,03/01/2020,11:00:00,0004963306
110 ST,IRTR18100-00-00,03/01/2020,15:00:00,0004963441
110 ST,IRTR18100-00-00,03/01/2020,19:00:00,0004963570
110 ST,IRTR18100-00-00,03/01/2020,23:00:00,0004963672
110 ST,IRTR18100-00-00,03/02/2020,03:00:00,0004963707
110 ST,IRTR18100-00-00,03/02/2020,07:00:00,0004963765
110 ST,IRTR18100-00-00,03/02/2020,11:00:00,0004964043
110 ST,IRTR18100-00-00,03/02/2020,15:00:00,0004964258
110 ST,IRTR18100-00-00,03/02/2020,19:00:00,0004964720
110 ST,IRTR18100-00-00,03/02/2020,23:00:00,0004964871
110 ST,IRTR18100-00-00,03/03/2020,03:00:00,0004964899
110 ST,IRTR18100-00-00,03/03/2020,07:00:00,0004964955
110 ST,IRTR18100-00-00,03/03/2020,11:00:00,0004965253
110 ST,IRTR18100-00-00,03/03/2020,15:00:00,0004965541
110 ST,IRTR18100-00-00,03/03/2020,19:00:00,0004966019
110 ST,IRTR18100-00-00,03/03/2020,23:00:00,0004966179
110 ST,IRTR18100-00-00,03/04/2020,03:00:00,0004966197
110 ST,IRTR18100-00-00,03/04/2020,07:00:00,0004966240
110 ST,IRTR18100-00-00,03/04/2020,11:00:00,0004966553
110 ST,IRTR18100-00-00,03/04/2020,15:00:00,0004966786
110 ST,IRTR18100-00-00,03/04/2020,19:00:00,0004967261
110 ST,IRTR18100-00-00,03/04/2020,23:00:00,0004967420
110 ST,IRTR18100-00-00,03/05/2020,03:00:00,0004967454
110 ST,IRTR18100-00-00,03/05/2020,07:00:00,0004967502
110 ST,IRTR18100-00-00,03/05/2020,11:00:00,0004967785
110 ST,IRTR18100-00-00,03/05/2020,15:00:00,0004968045
110 ST,IRTR18100-00-00,03/05/2020,19:00:00,0004968572
110 ST,IRTR18100-00-00,03/05/2020,23:00:00,0004968745
110 ST,IRTR18100-00-00,03/06/2020,03:00:00,0004968775
110 ST,IRTR18100-00-00,03/06/2020,07:00:00,0004968831
110 ST,IRTR18100-00-00,03/06/2020,11:00:00,0004969133
110 ST,IRTR18100-00-00,03/06/2020,15:00:00,0004969391
110 ST,IRTR18100-00-00,03/06/2020,19:00:00,0004969797
110 ST,IRTR18100-00-00,03/06/2020,23:00:00,0004969949
110 ST,IRTR18100-00-01,02/29/2020,03:00:00,0005686959
110 ST,IRTR18100-00-01,02/29/2020,07:00:00,0005686994
110 ST,IRTR18100-00-01,02/29/2020,11:00:00,0005687108
110 ST,IRTR18100-00-01,02/29/2020,15:00:00,0005687286
110 ST,IRTR18100-00-01,02/29/2020,19:00:00,0005687479
110 ST,IRTR18100-00-01,02/29/2020,23:00:00,0005687606
110 ST,IRTR18100-00-01,03/01/2020,03:00:00,0005687650
110 ST,IRTR18100-00-01,03/01/2020,07:00:00,0005687676
110 ST,IRTR18100-00-01,03/01/2020,11:00:00,0005687739
110 ST,IRTR18100-00-01,03/01/2020,15:00:00,0005687878
110 ST,IRTR18100-00-01,03/01/2020,19:00:00,0005688018
110 ST,IRTR18100-00-01,03/01/2020,23:00:00,0005688098
110 ST,IRTR18100-00-01,03/02/2020,03:00:00,0005688130
110 ST,IRTR18100-00-01,03/02/2020,07:00:00,0005688191
110 ST,IRTR18100-00-01,03/02/2020,11:00:00,0005688454
110 ST,IRTR18100-00-01,03/02/2020,15:00:00,0005688671
110 ST,IRTR18100-00-01,03/02/2020,19:00:00,0005689128
110 ST,IRTR18100-00-01,03/02/2020,23:00:00,0005689277
110 ST,IRTR18100-00-01,03/03/2020,03:00:00,0005689309
110 ST,IRTR18100-00-01,03/03/2020,07:00:00,0005689354
110 ST,IRTR18100-00-01,03/03/2020,11:00:00,0005689636
110 ST,IRTR18100-00-01,03/03/2020,15:00:00,0005689862
110 ST,IRTR18100-00-01,03/03/2020,19:00:00,0005690328
110 ST,IRTR18100-00-01,03/03/2020,23:00:00,0005690470
110 ST,IRTR18100-00-01,03/04/2020,03:00:00,0005690497
110 ST,IRTR18100-00-01,03/04/2020,07:00:00,0005690556
110 ST,IRTR18100-00-01,03/04/2020,11:00:00,0005690817
110 ST,IRTR18100-00-01,03/04/2020,15:00:00,0005691049
110 ST,IRTR18100-00-01,03/04/2020,19:00:00,0005691501
110 ST,IRTR18100-00-01,03/04/2020,23:00:00,0005691682
110 ST,IRTR18100-00-01,03/05/2020,03:00:00,0005691720
110 ST,IRTR18100-00-01,03/05/2020,07:00:00,0005691777
110 ST,IRTR18100-00-01,03/05/2020,11:00:00,0005692033
110 ST,IRTR18100-00-01,03/05/2020,15:00:00,0005692263
110 ST,IRTR18100-00-01,03/05/2020,19:00:00,0005692715
110 ST,IRTR18100-00-01,03/05/2020,23:00:00,0005692876
110 ST,IRTR18100-00-01,03/06/2020,03:00:00,0005692920
110 ST,IRTR18100-00-01,03/06/2020,07:00:00,0005692986
110 ST,IRTR18100-00-01,03/06/2020,11:00:00,0005693223
110 ST,IRTR18100-00-01,03/06/2020,15:00:00,0005693467
110 ST,IRTR18100-00-01,03/06/2020,19:00:00,0005693838
110 ST,IRTR18100-00-01,03/06/2020,23:00:00,0005694009
110 ST,IRTR18100-00-02,02/29/2020,03:00:00,0005673083
110 ST,IRTR18100-00-02,02/29/2020,07:00:00,0005673106
110 ST,IRTR18100-00-02,02/29/2020,11:00:00,0005673185
110 ST,IRTR18100-00-02,02/29/2020,15:00:00,0005673334
110 ST,IRTR18100-00-02,02/29/2020,19:00:00,0005673482
110 ST,IRTR18100-00-02,02/29/2020,23:00:00,0005673561
110 ST,IRTR18100-00-02,03/01/2020,03:00:00,0005673581
110 ST,IRTR18100-00-02,03/01/2020,07:00:00,0005673594
110 ST,IRTR18100-00-02,03/01/2020,11:00:00,0005673635
110 ST,IRTR18100-00-02,03/01/2020,15:00:00,0005673708
110 ST,IRTR18100-00-02,03/01/2020,19:00:00,0005673814
110 ST,IRTR18100-00-02,03/01/2020,23:00:00,0005673876
110 ST,IRTR18100-00-02,03/02/2020,03:00:00,0005673888
110 ST,IRTR18100-00-02,03/02/2020,07:00:00,0005673933
110 ST,IRTR18100-00-02,03/02/2020,11:00:00,0005674144
110 ST,IRTR18100-00-02,03/02/2020,15:00:00,0005674342
110 ST,IRTR18100-00-02,03/02/2020,19:00:00,0005674737
110 ST,IRTR18100-00-02,03/02/2020,23:00:00,0005674855
110 ST,IRTR18100-00-02,03/03/2020,03:00:00,0005674869
110 ST,IRTR18100-00-02,03/03/2020,07:00:00,0005674922
110 ST,IRTR18100-00-02,03/03/2020,11:00:00,0005675166
110 ST,IRTR18100-00-02,03/03/2020,15:00:00,0005675353
110 ST,IRTR18100-00-02,03/03/2020,19:00:00,0005675788
110 ST,IRTR18100-00-02,03/03/2020,23:00:00,0005675914
110 ST,IRTR18100-00-02,03/04/2020,03:00:00,0005675933
110 ST,IRTR18100-00-02,03/04/2020,07:00:00,0005675978
110 ST,IRTR18100-00-02,03/04/2020,11:00:00,0005676201
110 ST,IRTR18100-00-02,03/04/2020,15:00:00,0005676391
110 ST,IRTR18100-00-02,03/04/2020,19:00:00,0005676770
110 ST,IRTR18100-00-02,03/04/2020,23:00:00,0005676884
110 ST,IRTR18100-00-02,03/05/2020,03:00:00,0005676904
110 ST,IRTR18100-00-02,03/05/2020,07:00:00,0005676948
110 ST,IRTR18100-00-02,03/05/2020,11:00:00,0005677172
110 ST,IRTR18100-00-02,03/05/2020,15:00:00,0005677349
110 ST,IRTR18100-00-02,03/05/2020,19:00:00,0005677653
110 ST,IRTR18100-00-02,03/05/2020,23:00:00,0005677806
110 ST,IRTR18100-00-02,03/06/2020,03:00:00,0005677827
110 ST,IRTR18100-00-02,03/06/2020,07:00:00,0005677856
110 ST,IRTR18100-00-02,03/06/2020,11:00:00,0005678060
110 ST,IRTR18100-00-02,03/06/2020,15:00:00,0005678261
110 ST,IRTR18100-00-02,03/06/2020,19:00:00,0005678657
110 ST,IRTR18100-00-02,03/06/2020,23:00:00,0005678786
110 ST,IRTR18101-00-00,02/29/2020,03:00:00,0004178796
110 ST,IRTR18101-00-00,02/29/2020,07:00:00,0004178924
110 ST,IRTR18101-00-00,02/29/2020,11:00:00,0004179331
110 ST,IRTR18101-00-00,02/29/2020,15:00:00,0004179833
110 ST,IRTR18101-00-00,02/29/2020,19:00:00,0004180256
110 ST,IRTR18101-00-00,02/29/2020,23:00:00,0004180462
110 ST,IRTR18101-00-00,03/01/2020,03:00:00,0004180523
110 ST,IRTR18101-00-00,03/01/2020,07:00:00,0004180599
110 ST,IRTR18101-00-00,03/01/2020,11:00:00,0004180953
110 ST,IRTR18101-00-00,03/01/2020,15:00:00,0004181343
110 ST,IRTR18101-00-00,03/01/2020,19:00:00,0004181681
110 ST,IRTR18101-00-00,03/01/2020,23:00:00,0004181800
110 ST,IRTR18101-00-00,03/02/2020,03:00:00,0004181834
110 ST,IRTR18101-00-00,03/02/2020,07:00:00,0004182052
110 ST,IRTR18101-00-00,03/02/2020,11:00:00,0004183059
110 ST,IRTR18101-00-00,03/02/2020,15:00:00,0004183519
110 ST,IRTR18101-00-00,03/02/2020,19:00:00,0004183947
110 ST,IRTR18101-00-00,03/02/2020,23:00:00,0004184106
110 ST,IRTR18101-00-00,03/03/2020,03:00:00,0004184131
110 ST,IRTR18101-00-00,03/03/2020,07:00:00,0004184347
110 ST,IRTR18101-00-00,03/03/2020,11:00:00,0004185466
110 ST,IRTR18101-00-00,03/03/2020,15:00:00,0004185924
110 ST,IRTR18101-00-00,03/03/2020,19:00:00,0004186515
110 ST,IRTR18101-00-00,03/03/2020,23:00:00,0004186699
110 ST,IRTR18101-00-00,03/04/2020,03:00:00,0004186733
110 ST,IRTR18101-00-00,03/04/2020,07:00:00,0004186971
110 ST,IRTR18101-00-00,03/04/2020,11:00:00,0004188038
110 ST,IRTR18101-00-00,03/04/2020,15:00:00,0004188541
110 ST,IRTR18101-00-00,03/04/2020,19:00:00,0004189133
110 ST,IRTR18101-00-00,03/04/2020,23:00:00,0004189330
110 ST,IRTR18101-00-00,03/05/2020,03:00:00,0004189365
110 ST,IRTR18101-00-00,03/05/2020,07:00:00,0004189598
110 ST,IRTR18101-00-00,03/05/2020,11:00:00,0004190720
110 ST,IRTR18101-00-00,03/05/2020,15:00:00,0004191261
110 ST,IRTR18101-00-00,03/05/2020,19:00:00,0004191858
110 ST,IRTR18101-00-00,03/05/2020,23:00:00,0004192075
110 ST,IRTR18101-00-00,03/06/2020,03:00:00,0004192108
110 ST,IRTR18101-00-00,03/06/2020,07:00:00,0004192328
110 ST,IRTR18101-00-00,03/06/2020,11:00:00,0004193381
110 ST,IRTR18101-00-00,03/06/2020,15:00:00,0004193862
110 ST,IRTR18101-00-00,03/06/2020,19:00:00,0004194466
110 ST,IRTR18101-00-00,03/06/2020,23:00:00,0004194730
110 ST,IRTR18101-00-01,02/29/2020,03:00:00,0005426809
110 ST,IRTR18101-00-01,02/29/2020,07:00:00,0005426871
110 ST,IRTR18101-00-01,02/29/2020,11:00:00,0005427235
110 ST,IRTR18101-00-01,02/29/2020,15:00:00,0005427662
110 ST,IRTR18101-00-01,02/29/2020,19:00:00,0005428035
110 ST,IRTR18101-00-01,02/29/2020,23:00:00,0005428199
110 ST,IRTR18101-00-01,03/01/2020,03:00:00,0005428251
110 ST,IRTR18101-00-01,03/01/2020,07:00:00,0005428298
110 ST,IRTR18101-00-01,03/01/2020,11:00:00,0005428547
110 ST,IRTR18101-00-01,03/01/2020,15:00:00,0005428837
110 ST,IRTR18101-00-01,03/01/2020,19:00:00,0005429077
110 ST,IRTR18101-00-01,03/01/2020,23:00:00,0005429173
110 ST,IRTR18101-00-01,03/02/2020,03:00:00,0005429200
110 ST,IRTR18101-00-01,03/02/2020,07:00:00,0005429372
110 ST,IRTR18101-00-01,03/02/2020,11:00:00,0005430341
110 ST,IRTR18101-00-01,03/02/2020,15:00:00,0005430722
110 ST,IRTR18101-00-01,03/02/2020,19:00:00,0005431305
110 ST,IRTR18101-00-01,03/02/2020,23:00:00,0005431477
110 ST,IRTR18101-00-01,03/03/2020,03:00:00,0005431499
110 ST,IRTR18101-00-01,03/03/2020,07:00:00,0005431672
110 ST,IRTR18101-00-01,03/03/2020,11:00:00,0005432756
110 ST,IRTR18101-00-01,03/03/2020,15:00:00,0005433176
110 ST,IRTR18101-00-01,03/03/2020,19:00:00,0005433768
110 ST,IRTR18101-00-01,03/03/2020,23:00:00,0005433928
110 ST,IRTR18101-00-01,03/04/2020,03:00:00,0005433949
110 ST,IRTR18101-00-01,03/04/2020,07:00:00,0005434119
110 ST,IRTR18101-00-01,03/04/2020,11:00:00,0005435186
110 ST,IRTR18101-00-01,03/04/2020,15:00:00,0005435640
110 ST,IRTR18101-00-01,03/04/2020,19:00:00,0005436193
110 ST,IRTR18101-00-01,03/04/2020,23:00:00,0005436345
110 ST,IRTR18101-00-01,03/05/2020,03:00:00,0005436369
110 ST,IRTR18101-00-01,03/05/2020,07:00:00,0005436525
110 ST,IRTR18101-00-01,03/05/2020,11:00:00,0005437528
110 ST,IRTR18101-00-01,03/05/2020,15:00:00,0005437961
110 ST,IRTR18101-00-01,03/05/2020,19:00:00,0005438465
110 ST,IRTR18101-00-01,03/05/2020,23:00:00,0005438662
110 ST,IRTR18101-00-01,03/06/2020,03:00:00,0005438696
110 ST,IRTR18101-00-01,03/06/2020,07:00:00,0005438871
110 ST,IRTR18101-00-01,03/06/2020,11:00:00,0005439866
110 ST,IRTR18101-00-01,03/06/2020,15:00:00,0005440343
110 ST,IRTR18101-00-01,03/06/2020,19:00:00,0005440879
110 ST,IRTR18101-00-01,03/06/2020,23:00:00,0005441085
110 ST,IRTR18101-00-02,02/29/2020,03:00:00,0014478658
110 ST,IRTR18101-00-02,02/29/2020,07:00:00,0014478703
110 ST,IRTR18101-00-02,02/29/2020,11:00:00,0014479055
110 ST,IRTR18101-00-02,02/29/2020,15:00:00,0014479453
110 ST,IRTR18101-00-02,02/29/2020,19:00:00,0014479782
110 ST,IRTR18101-00-02,02/29/2020,23:00:00,0014479915
110 ST,IRTR18101-00-02,03/01/2020,03:00:00,0014479946
110 ST,IRTR18101-00-02,03/01/2020,07:00:00,0014479984
110 ST,IRTR18101-00-02,03/01/2020,11:00:00,0014480229
110 ST,IRTR18101-00-02,03/01/2020,15:00:00,0014480541
110 ST,IRTR18101-00-02,03/01/2020,19:00:00,0014480795
110 ST,IRTR18101-00-02,03/01/2020,23:00:00,0014480886
110 ST,IRTR18101-00-02,03/02/2020,03:00:00,0014480900
110 ST,IRTR18101-00-02,03/02/2020,07:00:00,0014481042
110 ST,IRTR18101-00-02,03/02/2020,11:00:00,0014482100
110 ST,IRTR18101-00-02,03/02/2020,15:00:00,0014482473
110 ST,IRTR18101-00-02,03/02/2020,19:00:00,0014483060
110 ST,IRTR18101-00-02,03/02/2020,23:00:00,0014483188
110 ST,IRTR18101-00-02,03/03/2020,03:00:00,0014483200
110 ST,IRTR18101-00-02,03/03/2020,07:00:00,0014483347
110 ST,IRTR18101-00-02,03/03/2020,11:00:00,0014484379
110 ST,IRTR18101-00-02,03/03/2020,15:00:00,0014484771
110 ST,IRTR18101-00-02,03/03/2020,19:00:00,0014485266
110 ST,IRTR18101-00-02,03/03/2020,23:00:00,0014485382
110 ST,IRTR18101-00-02,03/04/2020,03:00:00,0014485400
110 ST,IRTR18101-00-02,03/04/2020,07:00:00,0014485554
110 ST,IRTR18101-00-02,03/04/2020,11:00:00,0014486527
110 ST,IRTR18101-00-02,03/04/2020,15:00:00,0014486987
110 ST,IRTR18101-00-02,03/04/2020,19:00:00,0014487560
110 ST,IRTR18101-00-02,03/04/2020,23:00:00,0014487697
110 ST,IRTR18101-00-02,03/05/2020,03:00:00,0014487722
110 ST,IRTR18101-00-02,03/05/2020,07:00:00,0014487867
110 ST,IRTR18101-00-02,03/05/2020,11:00:00,0014488856
110 ST,IRTR18101-00-02,03/05/2020,15:00:00,0014489281
110 ST,IRTR18101-00-02,03/05/2020,19:00:00,0014489812
110 ST,IRTR18101-00-02,03/05/2020,23:00:00,0014489972
110 ST,IRTR18101-00-02,03/06/2020,03:00:00,0014489987
110 ST,IRTR18101-00-02,03/06/2020,07:00:00,0014490130
110 ST,IRTR18101-00-02,03/06/2020,11:00:00,0014491048
110 ST,IRTR18101-00-02,03/06/2020,15:00:00,0014491481
110 ST,IRTR18101-00-02,03/06/2020,19:00:00,0014491984
110 ST,IRTR18101-00-02,03/06/2020,23:00:00,0014492168
110 ST,IRTR18100-00-00,03/07/2020,03:00:00,0004969978
110 ST,IRTR18100-00-00,03/07/2020,07:00:00,0004970007
110 ST,IRTR18100-00-00,03/07/2020,11:00:00,0004970118
110 ST,IRTR18100-00-00,03/07/2020,15:00:00,0004970286
110 ST,IRTR18100-00-00,03/07/2020,19:00:00,0004970493
110 ST,IRTR18100-00-00,03/07/2020,23:00:00,0004970602
110 ST,IRTR18100-00-00,03/08/2020,04:00:00,0004970651
110 ST,IRTR18100-00-00,03/08/2020,08:00:00,0004970671
110 ST,IRTR18100-00-00,03/08/2020,12:00:00,0004970738
110 ST,IRTR18100-00-00,03/08/2020,16:00:00,0004970872
110 ST,IRTR18100-00-00,03/08/2020,20:00:00,0004971008
110 ST,IRTR18100-00-00,03/09/2020,00:00:00,0004971078
110 ST,IRTR18100-00-00,03/09/2020,04:00:00,0004971087
110 ST,IRTR18100-00-00,03/09/2020,08:00:00,0004971224
110 ST,IRTR18100-00-00,03/09/2020,12:00:00,0004971436
110 ST,IRTR18100-00-00,03/09/2020,16:00:00,0004971738
110 ST,IRTR18100-00-00,03/09/2020,20:00:00,0004972105
110 ST,IRTR18100-00-00,03/10/2020,00:00:00,0004972244
110 ST,IRTR18100-00-00,03/10/2020,04:00:00,0004972266
110 ST,IRTR18100-00-00,03/10/2020,08:00:00,0004972406
110 ST,IRTR18100-00-00,03/10/2020,12:00:00,0004972669
110 ST,IRTR18100-00-00,03/10/2020,16:00:00,0004973042
110 ST,IRTR18100-00-00,03/10/2020,20:00:00,0004973499
110 ST,IRTR18100-00-00,03/11/2020,00:00:00,0004973628
110 ST,IRTR18100-00-00,03/11/2020,08:00:00,0004973791
110 ST,IRTR18100-00-00,03/11/2020,12:00:00,0004974060
110 ST,IRTR18100-00-00,03/11/2020,16:00:00,0004974441
110 ST,IRTR18100-00-00,03/11/2020,20:00:00,0004974889
110 ST,IRTR18100-00-00,03/12/2020,00:00:00,0004975014
110 ST,IRTR18100-00-00,03/12/2020,04:00:00,0004975033
110 ST,IRTR18100-00-00,03/12/2020,08:00:00,0004975177
110 ST,IRTR18100-00-00,03/12/2020,12:00:00,0004975401
110 ST,IRTR18100-00-00,03/12/2020,16:00:00,0004975762
110 ST,IRTR18100-00-00,03/12/2020,20:00:00,0004976195
110 ST,IRTR18100-00-00,03/13/2020,00:00:00,0004976319
110 ST,IRTR18100-00-00,03/13/2020,04:00:00,0004976340
110 ST,IRTR18100-00-00,03/13/2020,08:00:00,0004976476
110 ST,IRTR18100-00-00,03/13/2020,12:00:00,0004976709
110 ST,IRTR18100-00-00,03/13/2020,16:00:00,0004977126
110 ST,IRTR18100-00-00,03/13/2020,20:00:00,0004978003
110 ST,IRTR18100-00-01,03/07/2020,03:00:00,0005694041
110 ST,IRTR18100-00-01,03/07/2020,07:00:00,0005694069
110 ST,IRTR18100-00-01,03/07/2020,11:00:00,0005694163
110 ST,IRTR18100-00-01,03/07/2020,15:00:00,0005694331
110 ST,IRTR18100-00-01,03/07/2020,19:00:00,0005694528
110 ST,IRTR18100-00-01,03/07/2020,23:00:00,0005694660
110 ST,IRTR18100-00-01,03/08/2020,04:00:00,0005694706
110 ST,IRTR18100-00-01,03/08/2020,08:00:00,0005694736
110 ST,IRTR18100-00-01,03/08/2020,12:00:00,0005694799
110 ST,IRTR18100-00-01,03/08/2020,16:00:00,0005694940
110 ST,IRTR18100-00-01,03/08/2020,20:00:00,0005695068
110 ST,IRTR18100-00-01,03/09/2020,00:00:00,0005695150
110 ST,IRTR18100-00-01,03/09/2020,04:00:00,0005695160
110 ST,IRTR18100-00-01,03/09/2020,08:00:00,0005695260
110 ST,IRTR18100-00-01,03/09/2020,12:00:00,0005695452
110 ST,IRTR18100-00-01,03/09/2020,16:00:00,0005695738
110 ST,IRTR18100-00-01,03/09/2020,20:00:00,0005696104
110 ST,IRTR18100-00-01,03/10/2020,00:00:00,0005696268
110 ST,IRTR18100-00-01,03/10/2020,04:00:00,0005696296
110 ST,IRTR18100-00-01,03/10/2020,08:00:00,0005696518
110 ST,IRTR18100-00-01,03/10/2020,12:00:00,0005696890
110 ST,IRTR18100-00-01,03/10/2020,16:00:00,0005697341
110 ST,IRTR18100-00-01,03/10/2020,20:00:00,0005698028
110 ST,IRTR18100-00-01,03/11/2020,00:00:00,0005698209
110 ST,IRTR18100-00-01,03/11/2020,08:00:00,0005698463
110 ST,IRTR18100-00-01,03/11/2020,12:00:00,0005698835
110 ST,IRTR18100-00-01,03/11/2020,16:00:00,0005699375
110 ST,IRTR18100-00-01,03/11/2020,20:00:00,0005699994
110 ST,IRTR18100-00-01,03/12/2020,00:00:00,0005700198
110 ST,IRTR18100-00-01,03/12/2020,04:00:00,0005700228
110 ST,IRTR18100-00-01,03/12/2020,08:00:00,0005700416
110 ST,IRTR18100-00-01,03/12/2020,12:00:00,0005700755
110 ST,IRTR18100-00-01,03/12/2020,16:00:00,0005701248
110 ST,IRTR18100-00-01,03/12/2020,20:00:00,0005701849
110 ST,IRTR18100-00-01,03/13/2020,00:00:00,0005702008
110 ST,IRTR18100-00-01,03/13/2020,04:00:00,0005702045
110 ST,IRTR18100-00-01,03/13/2020,08:00:00,0005702205
110 ST,IRTR18100-00-01,03/13/2020,12:00:00,0005702512
110 ST,IRTR18100-00-01,03/13/2020,16:00:00,0005702856
110 ST,IRTR18100-00-01,03/13/2020,20:00:00,0005702856
110 ST,IRTR18100-00-02,03/07/2020,03:00:00,0005678828
110 ST,IRTR18100-00-02,03/07/2020,07:00:00,0005678847
110 ST,IRTR18100-00-02,03/07/2020,11:00:00,0005678923
110 ST,IRTR18100-00-02,03/07/2020,15:00:00,0005679075
110 ST,IRTR18100-00-02,03/07/2020,19:00:00,0005679239
110 ST,IRTR18100-00-02,03/07/2020,23:00:00,0005679338
110 ST,IRTR18100-00-02,03/08/2020,04:00:00,0005679367
110 ST,IRTR18100-00-02,03/08/2020,08:00:00,0005679381
110 ST,IRTR18100-00-02,03/08/2020,12:00:00,0005679426
110 ST,IRTR18100-00-02,03/08/2020,16:00:00,0005679523
110 ST,IRTR18100-00-02,03/08/2020,20:00:00,0005679614
110 ST,IRTR18100-00-02,03/09/2020,00:00:00,0005679709
110 ST,IRTR18100-00-02,03/09/2020,04:00:00,0005679720
110 ST,IRTR18100-00-02,03/09/2020,08:00:00,0005679820
110 ST,IRTR18100-00-02,03/09/2020,12:00:00,0005679996
110 ST,IRTR18100-00-02,03/09/2020,16:00:00,0005680192
110 ST,IRTR18100-00-02,03/09/2020,20:00:00,0005680552
110 ST,IRTR18100-00-02,03/10/2020,00:00:00,0005680569
110 ST,IRTR18100-00-02,03/10/2020,04:00:00,0005680569
110 ST,IRTR18100-00-02,03/10/2020,08:00:00,0005680569
110 ST,IRTR18100-00-02,03/10/2020,12:00:00,0005680569
110 ST,IRTR18100-00-02,03/10/2020,16:00:00,0005680569
110 ST,IRTR18100-00-02,03/10/2020,20:00:00,0005680569
110 ST,IRTR18100-00-02,03/11/2020,00:00:00,0005680569
110 ST,IRTR18100-00-02,03/11/2020,08:00:00,0005680569
110 ST,IRTR18100-00-02,03/11/2020,12:00:00,0005680569
110 ST,IRTR18100-00-02,03/11/2020,16:00:00,0005680569
110 ST,IRTR18100-00-02,03/11/2020,20:00:00,0005680569
110 ST,IRTR18100-00-02,03/12/2020,00:00:00,0005680569
110 ST,IRTR18100-00-02,03/12/2020,04:00:00,0005680569
110 ST,IRTR18100-00-02,03/12/2020,08:00:00,0005680569
110 ST,IRTR18100-00-02,03/12/2020,12:00:00,0005680569
110 ST,IRTR18100-00-02,03/12/2020,16:00:00,0005680569
110 ST,IRTR18100-00-02,03/12/2020,20:00:00,0005680569
110 ST,IRTR18100-00-02,03/13/2020,00:00:00,0005680569
110 ST,IRTR18100-00-02,03/13/2020,04:00:00,0005680569
110 ST,IRTR18100-00-02,03/13/2020,08:00:00,0005680569
110 ST,IRTR18100-00-02,03/13/2020,12:00:00,0005680569
110 ST,IRTR18100-00-02,03/13/2020,16:00:00,0005680569
110 ST,IRTR18100-00-02,03/13/2020,20:00:00,0005680569
110 ST,IRTR18101-00-00,03/07/2020,03:00:00,0004194772
110 ST,IRTR18101-00-00,03/07/2020,07:00:00,0004194884
110 ST,IRTR18101-00-00,03/07/2020,11:00:00,0004195288
110 ST,IRTR18101-00-00,03/07/2020,15:00:00,0004195745
110 ST,IRTR18101-00-00,03/07/2020,19:00:00,0004196120
110 ST,IRTR18101-00-00,03/07/2020,23:00:00,0004196301
110 ST,IRTR18101-00-00,03/08/2020,04:00:00,0004196357
110 ST,IRTR18101-00-00,03/08/2020,08:00:00,0004196463
110 ST,IRTR18101-00-00,03/08/2020,12:00:00,0004196788
110 ST,IRTR18101-00-00,03/08/2020,16:00:00,0004197150
110 ST,IRTR18101-00-00,03/08/2020,20:00:00,0004197399
110 ST,IRTR18101-00-00,03/09/2020,00:00:00,0004197501
110 ST,IRTR18101-00-00,03/09/2020,04:00:00,0004197530
110 ST,IRTR18101-00-00,03/09/2020,08:00:00,0004198003
110 ST,IRTR18101-00-00,03/09/2020,12:00:00,0004198884
110 ST,IRTR18101-00-00,03/09/2020,16:00:00,0004199397
110 ST,IRTR18101-00-00,03/09/2020,20:00:00,0004199879
110 ST,IRTR18101-00-00,03/10/2020,00:00:00,0004200035
110 ST,IRTR18101-00-00,03/10/2020,04:00:00,0004200056
110 ST,IRTR18101-00-00,03/10/2020,08:00:00,0004200519
110 ST,IRTR18101-00-00,03/10/2020,12:00:00,0004201426
110 ST,IRTR18101-00-00,03/10/2020,16:00:00,0004201950
110 ST,IRTR18101-00-00,03/10/2020,20:00:00,0004202370
110 ST,IRTR18101-00-00,03/11/2020,00:00:00,0004202519
110 ST,IRTR18101-00-00,03/11/2020,04:00:00,0004202543
110 ST,IRTR18101-00-00,03/11/2020,08:00:00,0004203027
110 ST,IRTR18101-00-00,03/11/2020,12:00:00,0004203921
110 ST,IRTR18101-00-00,03/11/2020,16:00:00,0004204447
110 ST,IRTR18101-00-00,03/11/2020,20:00:00,0004204892
110 ST,IRTR18101-00-00,03/12/2020,00:00:00,0004205016
110 ST,IRTR18101-00-00,03/12/2020,04:00:00,0004205040
110 ST,IRTR18101-00-00,03/12/2020,08:00:00,0004205490
110 ST,IRTR18101-00-00,03/12/2020,12:00:00,0004206271
110 ST,IRTR18101-00-00,03/12/2020,16:00:00,0004206714
110 ST,IRTR18101-00-00,03/12/2020,20:00:00,0004207130
110 ST,IRTR18101-00-00,03/13/2020,00:00:00,0004207262
110 ST,IRTR18101-00-00,03/13/2020,04:00:00,0004207285
110 ST,IRTR18101-00-00,03/13/2020,08:00:00,0004207679
110 ST,IRTR18101-00-00,03/13/2020,12:00:00,0004208343
110 ST,IRTR18101-00-00,03/13/2020,16:00:00,0004208782
110 ST,IRTR18101-00-00,03/13/2020,20:00:00,0004209151
110 ST,IRTR18101-00-01,03/07/2020,03:00:00,0005441119
110 ST,IRTR18101-00-01,03/07/2020,07:00:00,0005441178
110 ST,IRTR18101-00-01,03/07/2020,11:00:00,0005441505
110 ST,IRTR18101-00-01,03/07/2020,15:00:00,0005441907
110 ST,IRTR18101-00-01,03/07/2020,19:00:00,0005442258
110 ST,IRTR18101-00-01,03/07/2020,23:00:00,0005442422
110 ST,IRTR18101-00-01,03/08/2020,04:00:00,0005442463
110 ST,IRTR18101-00-01,03/08/2020,08:00:00,0005442540
110 ST,IRTR18101-00-01,03/08/2020,12:00:00,0005442791
110 ST,IRTR18101-00-01,03/08/2020,16:00:00,0005443089
110 ST,IRTR18101-00-01,03/08/2020,20:00:00,0005443305
110 ST,IRTR18101-00-01,03/09/2020,00:00:00,0005443380
110 ST,IRTR18101-00-01,03/09/2020,04:00:00,0005443397
110 ST,IRTR18101-00-01,03/09/2020,08:00:00,0005443759
110 ST,IRTR18101-00-01,03/09/2020,12:00:00,0005444584
110 ST,IRTR18101-00-01,03/09/2020,16:00:00,0005445021
110 ST,IRTR18101-00-01,03/09/2020,20:00:00,0005445452
110 ST,IRTR18101-00-01,03/10/2020,00:00:00,0005445554
110 ST,IRTR18101-00-01,03/10/2020,04:00:00,0005445572
110 ST,IRTR18101-00-01,03/10/2020,08:00:00,0005445925
110 ST,IRTR18101-00-01,03/10/2020,12:00:00,0005446747
110 ST,IRTR18101-00-01,03/10/2020,16:00:00,0005447227
110 ST,IRTR18101-00-01,03/10/2020,20:00:00,0005447697
110 ST,IRTR18101-00-01,03/11/2020,00:00:00,0005447823
110 ST,IRTR18101-00-01,03/11/2020,04:00:00,0005447835
110 ST,IRTR18101-00-01,03/11/2020,08:00:00,0005448212
110 ST,IRTR18101-00-01,03/11/2020,12:00:00,0005449074
110 ST,IRTR18101-00-01,03/11/2020,16:00:00,0005449566
110 ST,IRTR18101-00-01,03/11/2020,20:00:00,0005449992
110 ST,IRTR18101-00-01,03/12/2020,00:00:00,0005450116
110 ST,IRTR18101-00-01,03/12/2020,04:00:00,0005450133
110 ST,IRTR18101-00-01,03/12/2020,08:00:00,0005450500
110 ST,IRTR18101-00-01,03/12/2020,12:00:00,0005451193
110 ST,IRTR18101-00-01,03/12/2020,16:00:00,0005451668
110 ST,IRTR18101-00-01,03/12/2020,20:00:00,0005452060
110 ST,IRTR18101-00-01,03/13/2020,00:00:00,0005452174
110 ST,IRTR18101-00-01,03/13/2020,04:00:00,0005452190
110 ST,IRTR18101-00-01,03/13/2020,08:00:00,0005452504
110 ST,IRTR18101-00-01,03/13/2020,12:00:00,0005453053
110 ST,IRTR18101-00-01,03/13/2020,16:00:00,0005453496
110 ST,IRTR18101-00-01,03/13/2020,20:00:00,0005453869
110 ST,IRTR18101-00-02,03/07/2020,03:00:00,0014492197
110 ST,IRTR18101-00-02,03/07/2020,07:00:00,0014492239
110 ST,IRTR18101-00-02,03/07/2020,11:00:00,0014492560
110 ST,IRTR18101-00-02,03/07/2020,15:00:00,0014492949
110 ST,IRTR18101-00-02,03/07/2020,19:00:00,0014493284
110 ST,IRTR18101-00-02,03/07/2020,23:00:00,0014493439
110 ST,IRTR18101-00-02,03/08/2020,04:00:00,0014493474
110 ST,IRTR18101-00-02,03/08/2020,08:00:00,0014493536
110 ST,IRTR18101-00-02,03/08/2020,12:00:00,0014493761
110 ST,IRTR18101-00-02,03/08/2020,16:00:00,0014494074
110 ST,IRTR18101-00-02,03/08/2020,20:00:00,0014494267
110 ST,IRTR18101-00-02,03/09/2020,00:00:00,0014494343
110 ST,IRTR18101-00-02,03/09/2020,04:00:00,0014494358
110 ST,IRTR18101-00-02,03/09/2020,08:00:00,0014494762
110 ST,IRTR18101-00-02,03/09/2020,12:00:00,0014495529
110 ST,IRTR18101-00-02,03/09/2020,16:00:00,0014495957
110 ST,IRTR18101-00-02,03/09/2020,20:00:00,0014496343
110 ST,IRTR18101-00-02,03/10/2020,00:00:00,0014496441
110 ST,IRTR18101-00-02,03/10/2020,04:00:00,0014496452
110 ST,IRTR18101-00-02,03/10/2020,08:00:00,0014496824
110 ST,IRTR18101-00-02,03/10/2020,12:00:00,0014497608
110 ST,IRTR18101-00-02,03/10/2020,16:00:00,0014498059
110 ST,IRTR18101-00-02,03/10/2020,20:00:00,0014498464
110 ST,IRTR18101-00-02,03/11/2020,00:00:00,0014498555
110 ST,IRTR18101-00-02,03/11/2020,04:00:00,0014498558
110 ST,IRTR18101-00-02,03/11/2020,08:00:00,0014498932
110 ST,IRTR18101-00-02,03/11/2020,12:00:00,0014499612
110 ST,IRTR18101-00-02,03/11/2020,16:00:00,0014500030
110 ST,IRTR18101-00-02,03/11/2020,20:00:00,0014500421
110 ST,IRTR18101-00-02,03/12/2020,00:00:00,0014500527
110 ST,IRTR18101-00-02,03/12/2020,04:00:00,0014500532
110 ST,IRTR18101-00-02,03/12/2020,08:00:00,0014500859
110 ST,IRTR18101-00-02,03/12/2020,12:00:00,0014501548
110 ST,IRTR18101-00-02,03/12/2020,16:00:00,0014502000
110 ST,IRTR18101-00-02,03/12/2020,20:00:00,0014502384
110 ST,IRTR18101-00-02,03/13/2020,00:00:00,0014502469
110 ST,IRTR18101-00-02,03/13/2020,04:00:00,0014502481
110 ST,IRTR18101-00-02,03/13/2020,08:00:00,0014502780
110 ST,IRTR18101-00-02,03/13/2020,12:00:00,0014503340
110 ST,IRTR18101-00-02,03/13/2020,16:00:00,0014503801
110 ST,IRTR18101-00-02,03/13/2020,20:00:00,0014504134
110 ST,IRTR18100-00-00,03/14/2020,00:00:00,0004978225
110 ST,IRTR18100-00-00,03/14/2020,04:00:00,0004978256
110 ST,IRTR18100-00-00,03/14/2020,08:00:00,0004978303
110 ST,IRTR18100-00-00,03/14/2020,12:00:00,0004978400
110 ST,IRTR18100-00-00,03/14/2020,16:00:00,0004978574
110 ST,IRTR18100-00-00,03/14/2020,20:00:00,0004978752
110 ST,IRTR18100-00-00,03/15/2020,00:00:00,0004978856
110 ST,IRTR18100-00-00,03/15/2020,04:00:00,0004978874
110 ST,IRTR18100-00-00,03/15/2020,08:00:00,0004978891
110 ST,IRTR18100-00-00,03/15/2020,12:00:00,0004978961
110 ST,IRTR18100-00-00,03/15/2020,16:00:00,0004979090
110 ST,IRTR18100-00-00,03/15/2020,20:00:00,0004979221
110 ST,IRTR18100-00-00,03/16/2020,00:00:00,0004979292
110 ST,IRTR18100-00-00,03/16/2020,04:00:00,0004979302
110 ST,IRTR18100-00-00,03/16/2020,08:00:00,0004979381
110 ST,IRTR18100-00-00,03/16/2020,12:00:00,0004979517
110 ST,IRTR18100-00-00,03/16/2020,16:00:00,0004979708
110 ST,IRTR18100-00-00,03/16/2020,20:00:00,0004979951
110 ST,IRTR18100-00-00,03/17/2020,00:00:00,0004980023
110 ST,IRTR18100-00-00,03/17/2020,04:00:00,0004980031
110 ST,IRTR18100-00-00,03/17/2020,08:00:00,0004980112
110 ST,IRTR18100-00-00,03/17/2020,12:00:00,0004980218
110 ST,IRTR18100-00-00,03/17/2020,16:00:00,0004980426
110 ST,IRTR18100-00-00,03/17/2020,20:00:00,0004980649
110 ST,IRTR18100-00-00,03/18/2020,00:00:00,0004980729
110 ST,IRTR18100-00-00,03/18/2020,04:00:00,0004980737
110 ST,IRTR18100-00-00,03/18/2020,08:00:00,0004980795
110 ST,IRTR18100-00-00,03/18/2020,12:00:00,0004980898
110 ST,IRTR18100-00-00,03/18/2020,16:00:00,0004981088
110 ST,IRTR18100-00-00,03/18/2020,20:00:00,0004981305
110 ST,IRTR18100-00-00,03/19/2020,00:00:00,0004981380
110 ST,IRTR18100-00-00,03/19/2020,04:00:00,0004981390
110 ST,IRTR18100-00-00,03/19/2020,08:00:00,0004981434
110 ST,IRTR18100-00-00,03/19/2020,12:00:00,0004981510
110 ST,IRTR18100-00-00,03/19/2020,16:00:00,0004981698
110 ST,IRTR18100-00-00,03/19/2020,20:00:00,0004981882
110 ST,IRTR18100-00-00,03/20/2020,00:00:00,0004981944
110 ST,IRTR18100-00-00,03/20/2020,04:00:00,0004981953
110 ST,IRTR18100-00-00,03/20/2020,08:00:00,0004982012
110 ST,IRTR18100-00-00,03/20/2020,12:00:00,0004982116
110 ST,IRTR18100-00-00,03/20/2020,16:00:00,0004982285
110 ST,IRTR18100-00-00,03/20/2020,20:00:00,0004982458
110 ST,IRTR18100-00-01,03/14/2020,00:00:00,0005702984
110 ST,IRTR18100-00-01,03/14/2020,04:00:00,0005703030
110 ST,IRTR18100-00-01,03/14/2020,08:00:00,0005703092
110 ST,IRTR18100-00-01,03/14/2020,12:00:00,0005703250
110 ST,IRTR18100-00-01,03/14/2020,16:00:00,0005703482
110 ST,IRTR18100-00-01,03/14/2020,20:00:00,0005703743
110 ST,IRTR18100-00-01,03/15/2020,00:00:00,0005703851
110 ST,IRTR18100-00-01,03/15/2020,04:00:00,0005703887
110 ST,IRTR18100-00-01,03/15/2020,08:00:00,0005703924
110 ST,IRTR18100-00-01,03/15/2020,12:00:00,0005703995
110 ST,IRTR18100-00-01,03/15/2020,16:00:00,0005704100
110 ST,IRTR18100-00-01,03/15/2020,20:00:00,0005704243
110 ST,IRTR18100-00-01,03/16/2020,00:00:00,0005704317
110 ST,IRTR18100-00-01,03/16/2020,04:00:00,0005704329
110 ST,IRTR18100-00-01,03/16/2020,08:00:00,0005704393
110 ST,IRTR18100-00-01,03/16/2020,12:00:00,0005704496
110 ST,IRTR18100-00-01,03/16/2020,16:00:00,0005704674
110 ST,IRTR18100-00-01,03/16/2020,20:00:00,0005704877
110 ST,IRTR18100-00-01,03/17/2020,00:00:00,0005704962
110 ST,IRTR18100-00-01,03/17/2020,04:00:00,0005704974
110 ST,IRTR18100-00-01,03/17/2020,08:00:00,0005705044
110 ST,IRTR18100-00-01,03/17/2020,12:00:00,0005705158
110 ST,IRTR18100-00-01,03/17/2020,16:00:00,0005705337
110 ST,IRTR18100-00-01,03/17/2020,20:00:00,0005705537
110 ST,IRTR18100-00-01,03/18/2020,00:00:00,0005705623
110 ST,IRTR18100-00-01,03/18/2020,04:00:00,0005705632
110 ST,IRTR18100-00-01,03/18/2020,08:00:00,0005705702
110 ST,IRTR18100-00-01,03/18/2020,12:00:00,0005705813
110 ST,IRTR18100-00-01,03/18/2020,16:00:00,0005706010
110 ST,IRTR18100-00-01,03/18/2020,20:00:00,0005706189
110 ST,IRTR18100-00-01,03/19/2020,00:00:00,0005706264
110 ST,IRTR18100-00-01,03/19/2020,04:00:00,0005706277
110 ST,IRTR18100-00-01,03/19/2020,08:00:00,0005706308
110 ST,IRTR18100-00-01,03/19/2020,12:00:00,0005706364
110 ST,IRTR18100-00-01,03/19/2020,16:00:00,0005706495
110 ST,IRTR18100-00-01,03/19/2020,20:00:00,0005706682
110 ST,IRTR18100-00-01,03/20/2020,00:00:00,0005706756
110 ST,IRTR18100-00-01,03/20/2020,04:00:00,0005706767
110 ST,IRTR18100-00-01,03/20/2020,08:00:00,0005706804
110 ST,IRTR18100-00-01,03/20/2020,12:00:00,0005706878
110 ST,IRTR18100-00-01,03/20/2020,16:00:00,0005707053
110 ST,IRTR18100-00-01,03/20/2020,20:00:00,0005707234
110 ST,IRTR18100-00-02,03/14/2020,00:00:00,0005680569
110 ST,IRTR18100-00-02,03/14/2020,04:00:00,0005680569
110 ST,IRTR18100-00-02,03/14/2020,08:00:00,0005680569
110 ST,IRTR18100-00-02,03/14/2020,12:00:00,0005680569
110 ST,IRTR18100-00-02,03/14/2020,16:00:00,0005680569
110 ST,IRTR18100-00-02,03/14/2020,20:00:00,0005680569
110 ST,IRTR18100-00-02,03/15/2020,00:00:00,0005680611
110 ST,IRTR18100-00-02,03/15/2020,04:00:00,0005680624
110 ST,IRTR18100-00-02,03/15/2020,08:00:00,0005680637
110 ST,IRTR18100-00-02,03/15/2020,12:00:00,0005680668
110 ST,IRTR18100-00-02,03/15/2020,16:00:00,0005680731
110 ST,IRTR18100-00-02,03/15/2020,20:00:00,0005680824
110 ST,IRTR18100-00-02,03/16/2020,00:00:00,0005680872
110 ST,IRTR18100-00-02,03/16/2020,04:00:00,0005680883
110 ST,IRTR18100-00-02,03/16/2020,08:00:00,0005680915
110 ST,IRTR18100-00-02,03/16/2020,12:00:00,0005680978
110 ST,IRTR18100-00-02,03/16/2020,16:00:00,0005681109
110 ST,IRTR18100-00-02,03/16/2020,20:00:00,0005681248
110 ST,IRTR18100-00-02,03/17/2020,00:00:00,0005681300
110 ST,IRTR18100-00-02,03/17/2020,04:00:00,0005681306
110 ST,IRTR18100-00-02,03/17/2020,08:00:00,0005681338
110 ST,IRTR18100-00-02,03/17/2020,12:00:00,0005681409
110 ST,IRTR18100-00-02,03/17/2020,16:00:00,0005681539
110 ST,IRTR18100-00-02,03/17/2020,20:00:00,0005681656
110 ST,IRTR18100-00-02,03/18/2020,00:00:00,0005681715
110 ST,IRTR18100-00-02,03/18/2020,04:00:00,0005681720
110 ST,IRTR18100-00-02,03/18/2020,08:00:00,0005681757
110 ST,IRTR18100-00-02,03/18/2020,12:00:00,0005681849
110 ST,IRTR18100-00-02,03/18/2020,16:00:00,0005681975
110 ST,IRTR18100-00-02,03/18/2020,20:00:00,0005682112
110 ST,IRTR18100-00-02,03/19/2020,00:00:00,0005682156
110 ST,IRTR18100-00-02,03/19/2020,04:00:00,0005682161
110 ST,IRTR18100-00-02,03/19/2020,08:00:00,0005682236
110 ST,IRTR18100-00-02,03/19/2020,12:00:00,0005682390
110 ST,IRTR18100-00-02,03/19/2020,16:00:00,0005682546
110 ST,IRTR18100-00-02,03/19/2020,20:00:00,0005682671
110 ST,IRTR18100-00-02,03/20/2020,00:00:00,0005682721
110 ST,IRTR18100-00-02,03/20/2020,04:00:00,0005682724
110 ST,IRTR18100-00-02,03/20/2020,08:00:00,0005682746
110 ST,IRTR18100-00-02,03/20/2020,12:00:00,0005682820
110 ST,IRTR18100-00-02,03/20/2020,16:00:00,0005682918
110 ST,IRTR18100-00-02,03/20/2020,20:00:00,0005683043
110 ST,IRTR18101-00-00,03/14/2020,00:00:00,0004209295
110 ST,IRTR18101-00-00,03/14/2020,04:00:00,0004209325
110 ST,IRTR18101-00-00,03/14/2020,08:00:00,0004209492
110 ST,IRTR18101-00-00,03/14/2020,12:00:00,0004209802
110 ST,IRTR18101-00-00,03/14/2020,16:00:00,0004210111
110 ST,IRTR18101-00-00,03/14/2020,20:00:00,0004210344
110 ST,IRTR18101-00-00,03/15/2020,00:00:00,0004210461
110 ST,IRTR18101-00-00,03/15/2020,04:00:00,0004210481
110 ST,IRTR18101-00-00,03/15/2020,08:00:00,0004210591
110 ST,IRTR18101-00-00,03/15/2020,12:00:00,0004210833
110 ST,IRTR18101-00-00,03/15/2020,16:00:00,0004211071
110 ST,IRTR18101-00-00,03/15/2020,20:00:00,0004211235
110 ST,IRTR18101-00-00,03/16/2020,00:00:00,0004211318
110 ST,IRTR18101-00-00,03/16/2020,04:00:00,0004211343
110 ST,IRTR18101-00-00,03/16/2020,08:00:00,0004211613
110 ST,IRTR18101-00-00,03/16/2020,12:00:00,0004212022
110 ST,IRTR18101-00-00,03/16/2020,16:00:00,0004212338
110 ST,IRTR18101-00-00,03/16/2020,20:00:00,0004212562
110 ST,IRTR18101-00-00,03/17/2020,00:00:00,0004212643
110 ST,IRTR18101-00-00,03/17/2020,04:00:00,0004212656
110 ST,IRTR18101-00-00,03/17/2020,08:00:00,0004212906
110 ST,IRTR18101-00-00,03/17/2020,12:00:00,0004213246
110 ST,IRTR18101-00-00,03/17/2020,16:00:00,0004213526
110 ST,IRTR18101-00-00,03/17/2020,20:00:00,0004213721
110 ST,IRTR18101-00-00,03/18/2020,00:00:00,0004213804
110 ST,IRTR18101-00-00,03/18/2020,04:00:00,0004213827
110 ST,IRTR18101-00-00,03/18/2020,08:00:00,0004214051
110 ST,IRTR18101-00-00,03/18/2020,12:00:00,0004214327
110 ST,IRTR18101-00-00,03/18/2020,16:00:00,0004214643
110 ST,IRTR18101-00-00,03/18/2020,20:00:00,0004214848
110 ST,IRTR18101-00-00,03/19/2020,00:00:00,0004214908
110 ST,IRTR18101-00-00,03/19/2020,04:00:00,0004214919
110 ST,IRTR18101-00-00,03/19/2020,08:00:00,0004215115
110 ST,IRTR18101-00-00,03/19/2020,12:00:00,0004215407
110 ST,IRTR18101-00-00,03/19/2020,16:00:00,0004215651
110 ST,IRTR18101-00-00,03/19/2020,20:00:00,0004215815
110 ST,IRTR18101-00-00,03/20/2020,00:00:00,0004215880
110 ST,IRTR18101-00-00,03/20/2020,04:00:00,0004215895
110 ST,IRTR18101-00-00,03/20/2020,08:00:00,0004216069
110 ST,IRTR18101-00-00,03/20/2020,12:00:00,0004216291
110 ST,IRTR18101-00-00,03/20/2020,16:00:00,0004216510
110 ST,IRTR18101-00-00,03/20/2020,20:00:00,0004216676
110 ST,IRTR18101-00-01,03/14/2020,00:00:00,0005453984
110 ST,IRTR18101-00-01,03/14/2020,04:00:00,0005454002
110 ST,IRTR18101-00-01,03/14/2020,08:00:00,0005454107
110 ST,IRTR18101-00-01,03/14/2020,12:00:00,0005454346
110 ST,IRTR18101-00-01,03/14/2020,16:00:00,0005454641
110 ST,IRTR18101-00-01,03/14/2020,20:00:00,0005454846
110 ST,IRTR18101-00-01,03/15/2020,00:00:00,0005454929
110 ST,IRTR18101-00-01,03/15/2020,04:00:00,0005454937
110 ST,IRTR18101-00-01,03/15/2020,08:00:00,0005455008
110 ST,IRTR18101-00-01,03/15/2020,12:00:00,0005455172
110 ST,IRTR18101-00-01,03/15/2020,16:00:00,0005455385
110 ST,IRTR18101-00-01,03/15/2020,20:00:00,0005455510
110 ST,IRTR18101-00-01,03/16/2020,00:00:00,0005455556
110 ST,IRTR18101-00-01,03/16/2020,04:00:00,0005455571
110 ST,IRTR18101-00-01,03/16/2020,08:00:00,0005455788
110 ST,IRTR18101-00-01,03/16/2020,12:00:00,0005456116
110 ST,IRTR18101-00-01,03/16/2020,16:00:00,0005456355
110 ST,IRTR18101-00-01,03/16/2020,20:00:00,0005456543
110 ST,IRTR18101-00-01,03/17/2020,00:00:00,0005456599
110 ST,IRTR18101-00-01,03/17/2020,04:00:00,0005456615
110 ST,IRTR18101-00-01,03/17/2020,08:00:00,0005456784
110 ST,IRTR18101-00-01,03/17/2020,12:00:00,0005457075
110 ST,IRTR18101-00-01,03/17/2020,16:00:00,0005457322
110 ST,IRTR18101-00-01,03/17/2020,20:00:00,0005457499
110 ST,IRTR18101-00-01,03/18/2020,00:00:00,0005457556
110 ST,IRTR18101-00-01,03/18/2020,04:00:00,0005457564
110 ST,IRTR18101-00-01,03/18/2020,08:00:00,0005457702
110 ST,IRTR18101-00-01,03/18/2020,12:00:00,0005457940
110 ST,IRTR18101-00-01,03/18/2020,16:00:00,0005458183
110 ST,IRTR18101-00-01,03/18/2020,20:00:00,0005458358
110 ST,IRTR18101-00-01,03/19/2020,00:00:00,0005458401
110 ST,IRTR18101-00-01,03/19/2020,04:00:00,0005458406
110 ST,IRTR18101-00-01,03/19/2020,08:00:00,0005458533
110 ST,IRTR18101-00-01,03/19/2020,12:00:00,0005458770
110 ST,IRTR18101-00-01,03/19/2020,16:00:00,0005458960
110 ST,IRTR18101-00-01,03/19/2020,20:00:00,0005459102
110 ST,IRTR18101-00-01,03/20/2020,00:00:00,0005459147
110 ST,IRTR18101-00-01,03/20/2020,04:00:00,0005459156
110 ST,IRTR18101-00-01,03/20/2020,08:00:00,0005459289
110 ST,IRTR18101-00-01,03/20/2020,12:00:00,0005459484
110 ST,IRTR18101-00-01,03/20/2020,16:00:00,0005459662
110 ST,IRTR18101-00-01,03/20/2020,20:00:00,0005459810
110 ST,IRTR18101-00-02,03/14/2020,00:00:00,0014504249
110 ST,IRTR18101-00-02,03/14/2020,04:00:00,0014504258
110 ST,IRTR18101-00-02,03/14/2020,08:00:00,0014504323
110 ST,IRTR18101-00-02,03/14/2020,12:00:00,0014504559
110 ST,IRTR18101-00-02,03/14/2020,16:00:00,0014504835
110 ST,IRTR18101-00-02,03/14/2020,20:00:00,0014505011
110 ST,IRTR18101-00-02,03/15/2020,00:00:00,0014505067
110 ST,IRTR18101-00-02,03/15/2020,04:00:00,0014505077
110 ST,IRTR18101-00-02,03/15/2020,08:00:00,0014505122
110 ST,IRTR18101-00-02,03/15/2020,12:00:00,0014505269
110 ST,IRTR18101-00-02,03/15/2020,16:00:00,0014505453
110 ST,IRTR18101-00-02,03/15/2020,20:00:00,0014505580
110 ST,IRTR18101-00-02,03/16/2020,00:00:00,0014505620
110 ST,IRTR18101-00-02,03/16/2020,04:00:00,0014505631
110 ST,IRTR18101-00-02,03/16/2020,08:00:00,0014505833
110 ST,IRTR18101-00-02,03/16/2020,12:00:00,0014506180
110 ST,IRTR18101-00-02,03/16/2020,16:00:00,0014506434
110 ST,IRTR18101-00-02,03/16/2020,20:00:00,0014506633
110 ST,IRTR18101-00-02,03/17/2020,00:00:00,0014506682
110 ST,IRTR18101-00-02,03/17/2020,04:00:00,0014506687
110 ST,IRTR18101-00-02,03/17/2020,08:00:00,0014506850
110 ST,IRTR18101-00-02,03/17/2020,12:00:00,0014507136
110 ST,IRTR18101-00-02,03/17/2020,16:00:00,0014507358
110 ST,IRTR18101-00-02,03/17/2020,20:00:00,0014507533
110 ST,IRTR18101-00-02,03/18/2020,00:00:00,0014507579
110 ST,IRTR18101-00-02,03/18/2020,04:00:00,0014507587
110 ST,IRTR18101-00-02,03/18/2020,08:00:00,0014507750
110 ST,IRTR18101-00-02,03/18/2020,12:00:00,0014507994
110 ST,IRTR18101-00-02,03/18/2020,16:00:00,0014508168
110 ST,IRTR18101-00-02,03/18/2020,20:00:00,0014508336
110 ST,IRTR18101-00-02,03/19/2020,00:00:00,0014508379
110 ST,IRTR18101-00-02,03/19/2020,04:00:00,0014508383
110 ST,IRTR18101-00-02,03/19/2020,08:00:00,0014508528
110 ST,IRTR18101-00-02,03/19/2020,12:00:00,0014508745
110 ST,IRTR18101-00-02,03/19/2020,16:00:00,0014508946
110 ST,IRTR18101-00-02,03/19/2020,20:00:00,0014509081
110 ST,IRTR18101-00-02,03/20/2020,00:00:00,0014509115
110 ST,IRTR18101-00-02,03/20/2020,04:00:00,0014509129
110 ST,IRTR18101-00-02,03/20/2020,08:00:00,0014509232
110 ST,IRTR18101-00-02,03/20/2020,12:00:00,0014509398
110 ST,IRTR18101-00-02,03/20/2020,16:00:00,0014509570
110 ST,IRTR18101-00-02,03/20/2020,20:00:00,0014509690
110 ST,IRTR18100-00-00,03/21/2020,00:00:00,0004982535
110 ST,IRTR18100-00-00,03/21/2020,04:00:00,0004982543
110 ST,IRTR18100-00-00,03/21/2020,08:00:00,0004982573
110 ST,IRTR18100-00-00,03/21/2020,12:00:00,0004982645
110 ST,IRTR18100-00-00,03/21/2020,16:00:00,0004982735
110 ST,IRTR18100-00-00,03/21/2020,20:00:00,0004982843
110 ST,IRTR18100-00-00,03/22/2020,00:00:00,0004982887
110 ST,IRTR18100-00-00,03/22/2020,04:00:00,0004982897
110 ST,IRTR18100-00-00,03/22/2020,08:00:00,0004982916
110 ST,IRTR18100-00-00,03/22/2020,12:00:00,0004982946
110 ST,IRTR18100-00-00,03/22/2020,16:00:00,0004983017
110 ST,IRTR18100-00-00,03/22/2020,20:00:00,0004983146
110 ST,IRTR18100-00-00,03/23/2020,00:00:00,0004983248
110 ST,IRTR18100-00-00,03/23/2020,04:00:00,0004983257
110 ST,IRTR18100-00-00,03/23/2020,08:00:00,0004983297
110 ST,IRTR18100-00-00,03/23/2020,12:00:00,0004983354
110 ST,IRTR18100-00-00,03/23/2020,16:00:00,0004983455
110 ST,IRTR18100-00-00,03/23/2020,20:00:00,0004983526
110 ST,IRTR18100-00-00,03/24/2020,00:00:00,0004983554
110 ST,IRTR18100-00-00,03/24/2020,04:00:00,0004983563
110 ST,IRTR18100-00-00,03/24/2020,08:00:00,0004983593
110 ST,IRTR18100-00-00,03/24/2020,12:00:00,0004983663
110 ST,IRTR18100-00-00,03/24/2020,16:00:00,0004983770
110 ST,IRTR18100-00-00,03/24/2020,20:00:00,0004983905
110 ST,IRTR18100-00-00,03/25/2020,00:00:00,0004983961
110 ST,IRTR18100-00-00,03/25/2020,04:00:00,0004983969
110 ST,IRTR18100-00-00,03/25/2020,08:00:00,0004984015
110 ST,IRTR18100-00-00,03/25/2020,12:00:00,0004984081
110 ST,IRTR18100-00-00,03/25/2020,16:00:00,0004984194
110 ST,IRTR18100-00-00,03/25/2020,20:00:00,0004984287
110 ST,IRTR18100-00-00,03/26/2020,00:00:00,0004984329
110 ST,IRTR18100-00-00,03/26/2020,04:00:00,0004984332
110 ST,IRTR18100-00-00,03/26/2020,08:00:00,0004984381
110 ST,IRTR18100-00-00,03/26/2020,12:00:00,0004984425
110 ST,IRTR18100-00-00,03/26/2020,16:00:00,0004984533
110 ST,IRTR18100-00-00,03/26/2020,20:00:00,0004984637
110 ST,IRTR18100-00-00,03/27/2020,00:00:00,0004984679
110 ST,IRTR18100-00-00,03/27/2020,04:00:00,0004984686
110 ST,IRTR18100-00-00,03/27/2020,08:00:00,0004984729
110 ST,IRTR18100-00-00,03/27/2020,12:00:00,0004984779
110 ST,IRTR18100-00-00,03/27/2020,16:00:00,0004984879
110 ST,IRTR18100-00-00,03/27/2020,20:00:00,0004984977
110 ST,IRTR18100-00-01,03/21/2020,00:00:00,0005707317
110 ST,IRTR18100-00-01,03/21/2020,04:00:00,0005707331
110 ST,IRTR18100-00-01,03/21/2020,08:00:00,0005707366
110 ST,IRTR18100-00-01,03/21/2020,12:00:00,0005707412
110 ST,IRTR18100-00-01,03/21/2020,16:00:00,0005707507
110 ST,IRTR18100-00-01,03/21/2020,20:00:00,0005707599
110 ST,IRTR18100-00-01,03/22/2020,00:00:00,0005707648
110 ST,IRTR18100-00-01,03/22/2020,04:00:00,0005707659
110 ST,IRTR18100-00-01,03/22/2020,08:00:00,0005707681
110 ST,IRTR18100-00-01,03/22/2020,12:00:00,0005707706
110 ST,IRTR18100-00-01,03/22/2020,16:00:00,0005707748
110 ST,IRTR18100-00-01,03/22/2020,20:00:00,0005707809
110 ST,IRTR18100-00-01,03/23/2020,00:00:00,0005707809
110 ST,IRTR18100-00-01,03/23/2020,04:00:00,0005707817
110 ST,IRTR18100-00-01,03/23/2020,08:00:00,0005707867
110 ST,IRTR18100-00-01,03/23/2020,12:00:00,0005707923
110 ST,IRTR18100-00-01,03/23/2020,16:00:00,0005707978
110 ST,IRTR18100-00-01,03/23/2020,20:00:00,0005708050
110 ST,IRTR18100-00-01,03/24/2020,00:00:00,0005708078
110 ST,IRTR18100-00-01,03/24/2020,04:00:00,0005708082
110 ST,IRTR18100-00-01,03/24/2020,08:00:00,0005708094
110 ST,IRTR18100-00-01,03/24/2020,12:00:00,0005708122
110 ST,IRTR18100-00-01,03/24/2020,16:00:00,0005708237
110 ST,IRTR18100-00-01,03/24/2020,20:00:00,0005708349
110 ST,IRTR18100-00-01,03/25/2020,00:00:00,0005708405
110 ST,IRTR18100-00-01,03/25/2020,04:00:00,0005708412
110 ST,IRTR18100-00-01,03/25/2020,08:00:00,0005708448
110 ST,IRTR18100-00-01,03/25/2020,12:00:00,0005708499
110 ST,IRTR18100-00-01,03/25/2020,16:00:00,0005708566
110 ST,IRTR18100-00-01,03/25/2020,20:00:00,0005708663
110 ST,IRTR18100-00-01,03/26/2020,00:00:00,0005708705
110 ST,IRTR18100-00-01,03/26/2020,04:00:00,0005708715
110 ST,IRTR18100-00-01,03/26/2020,08:00:00,0005708760
110 ST,IRTR18100-00-01,03/26/2020,12:00:00,0005708812
110 ST,IRTR18100-00-01,03/26/2020,16:00:00,0005708892
110 ST,IRTR18100-00-01,03/26/2020,20:00:00,0005708990
110 ST,IRTR18100-00-01,03/27/2020,00:00:00,0005709033
110 ST,IRTR18100-00-01,03/27/2020,04:00:00,0005709041
110 ST,IRTR18100-00-01,03/27/2020,08:00:00,0005709076
110 ST,IRTR18100-00-01,03/27/2020,12:00:00,0005709122
110 ST,IRTR18100-00-01,03/27/2020,16:00:00,0005709226
110 ST,IRTR18100-00-01,03/27/2020,20:00:00,0005709360
110 ST,IRTR18100-00-02,03/21/2020,00:00:00,0005683089
110 ST,IRTR18100-00-02,03/21/2020,04:00:00,0005683100
110 ST,IRTR18100-00-02,03/21/2020,08:00:00,0005683116
110 ST,IRTR18100-00-02,03/21/2020,12:00:00,0005683155
110 ST,IRTR18100-00-02,03/21/2020,16:00:00,0005683209
110 ST,IRTR18100-00-02,03/21/2020,20:00:00,0005683262
110 ST,IRTR18100-00-02,03/22/2020,00:00:00,0005683291
110 ST,IRTR18100-00-02,03/22/2020,04:00:00,0005683294
110 ST,IRTR18100-00-02,03/22/2020,08:00:00,0005683307
110 ST,IRTR18100-00-02,03/22/2020,12:00:00,0005683326
110 ST,IRTR18100-00-02,03/22/2020,16:00:00,0005683351
110 ST,IRTR18100-00-02,03/22/2020,20:00:00,0005683375
110 ST,IRTR18100-00-02,03/23/2020,00:00:00,0005683378
110 ST,IRTR18100-00-02,03/23/2020,04:00:00,0005683381
110 ST,IRTR18100-00-02,03/23/2020,08:00:00,0005683402
110 ST,IRTR18100-00-02,03/23/2020,12:00:00,0005683440
110 ST,IRTR18100-00-02,03/23/2020,16:00:00,0005683519
110 ST,IRTR18100-00-02,03/23/2020,20:00:00,0005683623
110 ST,IRTR18100-00-02,03/24/2020,00:00:00,0005683685
110 ST,IRTR18100-00-02,03/24/2020,04:00:00,0005683700
110 ST,IRTR18100-00-02,03/24/2020,08:00:00,0005683778
110 ST,IRTR18100-00-02,03/24/2020,12:00:00,0005683816
110 ST,IRTR18100-00-02,03/24/2020,16:00:00,0005683864
110 ST,IRTR18100-00-02,03/24/2020,20:00:00,0005683951
110 ST,IRTR18100-00-02,03/25/2020,00:00:00,0005683984
110 ST,IRTR18100-00-02,03/25/2020,04:00:00,0005683992
110 ST,IRTR18100-00-02,03/25/2020,08:00:00,0005684010
110 ST,IRTR18100-00-02,03/25/2020,12:00:00,0005684046
110 ST,IRTR18100-00-02,03/25/2020,16:00:00,0005684114
110 ST,IRTR18100-00-02,03/25/2020,20:00:00,0005684178
110 ST,IRTR18100-00-02,03/26/2020,00:00:00,0005684191
110 ST,IRTR18100-00-02,03/26/2020,04:00:00,0005684197
110 ST,IRTR18100-00-02,03/26/2020,08:00:00,0005684214
110 ST,IRTR18100-00-02,03/26/2020,12:00:00,0005684246
110 ST,IRTR18100-00-02,03/26/2020,16:00:00,0005684294
110 ST,IRTR18100-00-02,03/26/2020,20:00:00,0005684357
110 ST,IRTR18100-00-02,03/27/2020,00:00:00,0005684376
110 ST,IRTR18100-00-02,03/27/2020,04:00:00,0005684379
110 ST,IRTR18100-00-02,03/27/2020,08:00:00,0005684397
110 ST,IRTR18100-00-02,03/27/2020,12:00:00,0005684441
110 ST,IRTR18100-00-02,03/27/2020,16:00:00,0005684517
110 ST,IRTR18100-00-02,03/27/2020,20:00:00,0005684596
110 ST,IRTR18101-00-00,03/21/2020,00:00:00,0004216744
110 ST,IRTR18101-00-00,03/21/2020,04:00:00,0004216761
110 ST,IRTR18101-00-00,03/21/2020,08:00:00,0004216831
110 ST,IRTR18101-00-00,03/21/2020,12:00:00,0004216974
110 ST,IRTR18101-00-00,03/21/2020,16:00:00,0004217104
110 ST,IRTR18101-00-00,03/21/2020,20:00:00,0004217205
110 ST,IRTR18101-00-00,03/22/2020,00:00:00,0004217244
110 ST,IRTR18101-00-00,03/22/2020,04:00:00,0004217255
110 ST,IRTR18101-00-00,03/22/2020,08:00:00,0004217303
110 ST,IRTR18101-00-00,03/22/2020,12:00:00,0004217388
110 ST,IRTR18101-00-00,03/22/2020,16:00:00,0004217492
110 ST,IRTR18101-00-00,03/22/2020,20:00:00,0004217554
110 ST,IRTR18101-00-00,03/23/2020,00:00:00,0004217585
110 ST,IRTR18101-00-00,03/23/2020,04:00:00,0004217595
110 ST,IRTR18101-00-00,03/23/2020,08:00:00,0004217734
110 ST,IRTR18101-00-00,03/23/2020,12:00:00,0004217868
110 ST,IRTR18101-00-00,03/23/2020,16:00:00,0004217995
110 ST,IRTR18101-00-00,03/23/2020,20:00:00,0004218066
110 ST,IRTR18101-00-00,03/24/2020,00:00:00,0004218086
110 ST,IRTR18101-00-00,03/24/2020,04:00:00,0004218087
110 ST,IRTR18101-00-00,03/24/2020,08:00:00,0004218213
110 ST,IRTR18101-00-00,03/24/2020,12:00:00,0004218354
110 ST,IRTR18101-00-00,03/24/2020,16:00:00,0004218488
110 ST,IRTR18101-00-00,03/24/2020,20:00:00,0004218580
110 ST,IRTR18101-00-00,03/25/2020,00:00:00,0004218619
110 ST,IRTR18101-00-00,03/25/2020,04:00:00,0004218626
110 ST,IRTR18101-00-00,03/25/2020,08:00:00,0004218686
110 ST,IRTR18101-00-00,03/25/2020,12:00:00,0004218687
110 ST,IRTR18101-00-00,03/25/2020,16:00:00,0004218728
110 ST,IRTR18101-00-00,03/25/2020,20:00:00,0004218824
110 ST,IRTR18101-00-00,03/26/2020,00:00:00,0004218872
110 ST,IRTR18101-00-00,03/26/2020,04:00:00,0004218882
110 ST,IRTR18101-00-00,03/26/2020,08:00:00,0004219049
110 ST,IRTR18101-00-00,03/26/2020,12:00:00,0004219194
110 ST,IRTR18101-00-00,03/26/2020,16:00:00,0004219351
110 ST,IRTR18101-00-00,03/26/2020,20:00:00,0004219498
110 ST,IRTR18101-00-00,03/27/2020,00:00:00,0004219548
110 ST,IRTR18101-00-00,03/27/2020,04:00:00,0004219562
110 ST,IRTR18101-00-00,03/27/2020,08:00:00,0004219693
110 ST,IRTR18101-00-00,03/27/2020,12:00:00,0004219816
110 ST,IRTR18101-00-00,03/27/2020,16:00:00,0004219945
110 ST,IRTR18101-00-00,03/27/2020,20:00:00,0004220035
110 ST,IRTR18101-00-01,03/21/2020,00:00:00,0005459862
110 ST,IRTR18101-00-01,03/21/2020,04:00:00,0005459870
110 ST,IRTR18101-00-01,03/21/2020,08:00:00,0005459930
110 ST,IRTR18101-00-01,03/21/2020,12:00:00,0005460022
110 ST,IRTR18101-00-01,03/21/2020,16:00:00,0005460125
110 ST,IRTR18101-00-01,03/21/2020,20:00:00,0005460200
110 ST,IRTR18101-00-01,03/22/2020,00:00:00,0005460227
110 ST,IRTR18101-00-01,03/22/2020,04:00:00,0005460234
110 ST,IRTR18101-00-01,03/22/2020,08:00:00,0005460277
110 ST,IRTR18101-00-01,03/22/2020,12:00:00,0005460336
110 ST,IRTR18101-00-01,03/22/2020,16:00:00,0005460406
110 ST,IRTR18101-00-01,03/22/2020,20:00:00,0005460458
110 ST,IRTR18101-00-01,03/23/2020,00:00:00,0005460489
110 ST,IRTR18101-00-01,03/23/2020,04:00:00,0005460498
110 ST,IRTR18101-00-01,03/23/2020,08:00:00,0005460590
110 ST,IRTR18101-00-01,03/23/2020,12:00:00,0005460702
110 ST,IRTR18101-00-01,03/23/2020,16:00:00,0005460799
110 ST,IRTR18101-00-01,03/23/2020,20:00:00,0005460864
110 ST,IRTR18101-00-01,03/24/2020,00:00:00,0005460877
110 ST,IRTR18101-00-01,03/24/2020,04:00:00,0005460877
110 ST,IRTR18101-00-01,03/24/2020,08:00:00,0005460965
110 ST,IRTR18101-00-01,03/24/2020,12:00:00,0005461074
110 ST,IRTR18101-00-01,03/24/2020,16:00:00,0005461177
110 ST,IRTR18101-00-01,03/24/2020,20:00:00,0005461238
110 ST,IRTR18101-00-01,03/25/2020,00:00:00,0005461260
110 ST,IRTR18101-00-01,03/25/2020,04:00:00,0005461265
110 ST,IRTR18101-00-01,03/25/2020,08:00:00,0005461309
110 ST,IRTR18101-00-01,03/25/2020,12:00:00,0005461309
110 ST,IRTR18101-00-01,03/25/2020,16:00:00,0005461335
110 ST,IRTR18101-00-01,03/25/2020,20:00:00,0005461388
110 ST,IRTR18101-00-01,03/26/2020,00:00:00,0005461401
110 ST,IRTR18101-00-01,03/26/2020,04:00:00,0005461404
110 ST,IRTR18101-00-01,03/26/2020,08:00:00,0005461451
110 ST,IRTR18101-00-01,03/26/2020,12:00:00,0005461502
110 ST,IRTR18101-00-01,03/26/2020,16:00:00,0005461522
110 ST,IRTR18101-00-01,03/26/2020,20:00:00,0005461522
110 ST,IRTR18101-00-01,03/27/2020,00:00:00,0005461522
110 ST,IRTR18101-00-01,03/27/2020,04:00:00,0005461522
110 ST,IRTR18101-00-01,03/27/2020,08:00:00,0005461593
110 ST,IRTR18101-00-01,03/27/2020,12:00:00,0005461684
110 ST,IRTR18101-00-01,03/27/2020,16:00:00,0005461785
110 ST,IRTR18101-00-01,03/27/2020,20:00:00,0005461865
110 ST,IRTR18101-00-02,03/21/2020,00:00:00,0014509721
110 ST,IRTR18101-00-02,03/21/2020,04:00:00,0014509730
110 ST,IRTR18101-00-02,03/21/2020,08:00:00,0014509764
110 ST,IRTR18101-00-02,03/21/2020,12:00:00,0014509827
110 ST,IRTR18101-00-02,03/21/2020,16:00:00,0014509907
110 ST,IRTR18101-00-02,03/21/2020,20:00:00,0014509951
110 ST,IRTR18101-00-02,03/22/2020,00:00:00,0014509978
110 ST,IRTR18101-00-02,03/22/2020,04:00:00,0014509985
110 ST,IRTR18101-00-02,03/22/2020,08:00:00,0014510006
110 ST,IRTR18101-00-02,03/22/2020,12:00:00,0014510048
110 ST,IRTR18101-00-02,03/22/2020,16:00:00,0014510093
110 ST,IRTR18101-00-02,03/22/2020,20:00:00,0014510136
110 ST,IRTR18101-00-02,03/23/2020,00:00:00,0014510150
110 ST,IRTR18101-00-02,03/23/2020,04:00:00,0014510152
110 ST,IRTR18101-00-02,03/23/2020,08:00:00,0014510226
110 ST,IRTR18101-00-02,03/23/2020,12:00:00,0014510329
110 ST,IRTR18101-00-02,03/23/2020,16:00:00,0014510397
110 ST,IRTR18101-00-02,03/23/2020,20:00:00,0014510453
110 ST,IRTR18101-00-02,03/24/2020,00:00:00,0014510467
110 ST,IRTR18101-00-02,03/24/2020,04:00:00,0014510467
110 ST,IRTR18101-00-02,03/24/2020,08:00:00,0014510534
110 ST,IRTR18101-00-02,03/24/2020,12:00:00,0014510614
110 ST,IRTR18101-00-02,03/24/2020,16:00:00,0014510701
110 ST,IRTR18101-00-02,03/24/2020,20:00:00,0014510770
110 ST,IRTR18101-00-02,03/25/2020,00:00:00,0014510786
110 ST,IRTR18101-00-02,03/25/2020,04:00:00,0014510789
110 ST,IRTR18101-00-02,03/25/2020,08:00:00,0014510816
110 ST,IRTR18101-00-02,03/25/2020,12:00:00,0014510816
110 ST,IRTR18101-00-02,03/25/2020,16:00:00,0014510851
110 ST,IRTR18101-00-02,03/25/2020,20:00:00,0014510907
110 ST,IRTR18101-00-02,03/26/2020,00:00:00,0014510925
110 ST,IRTR18101-00-02,03/26/2020,04:00:00,0014510925
110 ST,IRTR18101-00-02,03/26/2020,08:00:00,0014510994
110 ST,IRTR18101-00-02,03/26/2020,12:00:00,0014511056
110 ST,IRTR18101-00-02,03/26/2020,16:00:00,0014511172
110 ST,IRTR18101-00-02,03/26/2020,20:00:00,0014511262
110 ST,IRTR18101-00-02,03/27/2020,00:00:00,0014511292
110 ST,IRTR18101-00-02,03/27/2020,04:00:00,0014511300
110 ST,IRTR18101-00-02,03/27/2020,08:00:00,0014511377
110 ST,IRTR18101-00-02,03/27/2020,12:00:00,0014511445
110 ST,IRTR18101-00-02,03/27/2020,16:00:00,0014511518
110 ST,IRTR18101-00-02,03/27/2020,20:00:00,0014511596
110 ST,IRTR18100-00-00,03/28/2020,00:00:00,0004985050
110 ST,IRTR18100-00-00,03/28/2020,04:00:00,0004985060
110 ST,IRTR18100-00-00,03/28/2020,08:00:00,0004985077
110 ST,IRTR18100-00-00,03/28/2020,12:00:00,0004985109
110 ST,IRTR18100-00-00,03/28/2020,16:00:00,0004985169
110 ST,IRTR18100-00-00,03/28/2020,20:00:00,0004985244
110 ST,IRTR18100-00-00,03/29/2020,00:00:00,0004985279
110 ST,IRTR18100-00-00,03/29/2020,04:00:00,0004985280
110 ST,IRTR18100-00-00,03/29/2020,08:00:00,0004985289
110 ST,IRTR18100-00-00,03/29/2020,12:00:00,0004985301
110 ST,IRTR18100-00-00,03/29/2020,16:00:00,0004985356
110 ST,IRTR18100-00-00,03/29/2020,20:00:00,0004985415
110 ST,IRTR18100-00-00,03/30/2020,00:00:00,0004985444
110 ST,IRTR18100-00-00,03/30/2020,04:00:00,0004985446
110 ST,IRTR18100-00-00,03/30/2020,08:00:00,0004985473
110 ST,IRTR18100-00-00,03/30/2020,12:00:00,0004985522
110 ST,IRTR18100-00-00,03/30/2020,16:00:00,0004985611
110 ST,IRTR18100-00-00,03/30/2020,20:00:00,0004985719
110 ST,IRTR18100-00-00,03/31/2020,00:00:00,0004985744
110 ST,IRTR18100-00-00,03/31/2020,04:00:00,0004985748
110 ST,IRTR18100-00-00,03/31/2020,08:00:00,0004985788
110 ST,IRTR18100-00-00,03/31/2020,12:00:00,0004985823
110 ST,IRTR18100-00-00,03/31/2020,16:00:00,0004985922
110 ST,IRTR18100-00-00,03/31/2020,20:00:00,0004986022
110 ST,IRTR18100-00-00,04/01/2020,00:00:00,0004986056
110 ST,IRTR18100-00-00,04/01/2020,04:00:00,0004986058
110 ST,IRTR18100-00-00,04/01/2020,08:00:00,0004986091
110 ST,IRTR18100-00-00,04/01/2020,12:00:00,0004986120
110 ST,IRTR18100-00-00,04/01/2020,16:00:00,0004986196
110 ST,IRTR18100-00-00,04/01/2020,20:00:00,0004986292
110 ST,IRTR18100-00-00,04/02/2020,00:00:00,0004986332
110 ST,IRTR18100-00-00,04/02/2020,04:00:00,0004986336
110 ST,IRTR18100-00-00,04/02/2020,08:00:00,0004986372
110 ST,IRTR18100-00-00,04/02/2020,12:00:00,0004986416
110 ST,IRTR18100-00-00,04/02/2020,16:00:00,0004986487
110 ST,IRTR18100-00-00,04/02/2020,20:00:00,0004986594
110 ST,IRTR18100-00-00,04/03/2020,00:00:00,0004986637
110 ST,IRTR18100-00-00,04/03/2020,04:00:00,0004986650
110 ST,IRTR18100-00-00,04/03/2020,08:00:00,0004986686
110 ST,IRTR18100-00-00,04/03/2020,12:00:00,0004986724
110 ST,IRTR18100-00-00,04/03/2020,16:00:00,0004986792
110 ST,IRTR18100-00-00,04/03/2020,20:00:00,0004986873
110 ST,IRTR18100-00-01,03/28/2020,00:00:00,0005709415
110 ST,IRTR18100-00-01,03/28/2020,04:00:00,0005709423
110 ST,IRTR18100-00-01,03/28/2020,08:00:00,0005709445
110 ST,IRTR18100-00-01,03/28/2020,12:00:00,0005709474
110 ST,IRTR18100-00-01,03/28/2020,16:00:00,0005709522
110 ST,IRTR18100-00-01,03/28/2020,20:00:00,0005709557
110 ST,IRTR18100-00-01,03/29/2020,00:00:00,0005709574
110 ST,IRTR18100-00-01,03/29/2020,04:00:00,0005709576
110 ST,IRTR18100-00-01,03/29/2020,08:00:00,0005709579
110 ST,IRTR18100-00-01,03/29/2020,12:00:00,0005709585
110 ST,IRTR18100-00-01,03/29/2020,16:00:00,0005709598
110 ST,IRTR18100-00-01,03/29/2020,20:00:00,0005709655
110 ST,IRTR18100-00-01,03/30/2020,00:00:00,0005709690
110 ST,IRTR18100-00-01,03/30/2020,04:00:00,0005709697
110 ST,IRTR18100-00-01,03/30/2020,08:00:00,0005709743
110 ST,IRTR18100-00-01,03/30/2020,12:00:00,0005709797
110 ST,IRTR18100-00-01,03/30/2020,16:00:00,0005709857
110 ST,IRTR18100-00-01,03/30/2020,20:00:00,0005709942
110 ST,IRTR18100-00-01,03/31/2020,00:00:00,0005709977
110 ST,IRTR18100-00-01,03/31/2020,04:00:00,0005709986
110 ST,IRTR18100-00-01,03/31/2020,08:00:00,0005710014
110 ST,IRTR18100-00-01,03/31/2020,12:00:00,0005710059
110 ST,IRTR18100-00-01,03/31/2020,16:00:00,0005710133
110 ST,IRTR18100-00-01,03/31/2020,20:00:00,0005710243
110 ST,IRTR18100-00-01,04/01/2020,00:00:00,0005710283
110 ST,IRTR18100-00-01,04/01/2020,04:00:00,0005710288
110 ST,IRTR18100-00-01,04/01/2020,08:00:00,0005710327
110 ST,IRTR18100-00-01,04/01/2020,12:00:00,0005710378
110 ST,IRTR18100-00-01,04/01/2020,16:00:00,0005710443
110 ST,IRTR18100-00-01,04/01/2020,20:00:00,0005710534
110 ST,IRTR18100-00-01,04/02/2020,00:00:00,0005710570
110 ST,IRTR18100-00-01,04/02/2020,04:00:00,0005710579
110 ST,IRTR18100-00-01,04/02/2020,08:00:00,0005710621
110 ST,IRTR18100-00-01,04/02/2020,12:00:00,0005710677
110 ST,IRTR18100-00-01,04/02/2020,16:00:00,0005710756
110 ST,IRTR18100-00-01,04/02/2020,20:00:00,0005710825
110 ST,IRTR18100-00-01,04/03/2020,00:00:00,0005710853
110 ST,IRTR18100-00-01,04/03/2020,04:00:00,0005710859
110 ST,IRTR18100-00-01,04/03/2020,08:00:00,0005710888
110 ST,IRTR18100-00-01,04/03/2020,12:00:00,0005710938
110 ST,IRTR18100-00-01,04/03/2020,16:00:00,0005711027
110 ST,IRTR18100-00-01,04/03/2020,20:00:00,0005711097
110 ST,IRTR18100-00-02,03/28/2020,00:00:00,0005684635
110 ST,IRTR18100-00-02,03/28/2020,04:00:00,0005684646
110 ST,IRTR18100-00-02,03/28/2020,08:00:00,0005684664
110 ST,IRTR18100-00-02,03/28/2020,12:00:00,0005684684
110 ST,IRTR18100-00-02,03/28/2020,16:00:00,0005684721
110 ST,IRTR18100-00-02,03/28/2020,20:00:00,0005684759
110 ST,IRTR18100-00-02,03/29/2020,00:00:00,0005684807
110 ST,IRTR18100-00-02,03/29/2020,04:00:00,0005684823
110 ST,IRTR18100-00-02,03/29/2020,08:00:00,0005684851
110 ST,IRTR18100-00-02,03/29/2020,12:00:00,0005684879
110 ST,IRTR18100-00-02,03/29/2020,16:00:00,0005684919
110 ST,IRTR18100-00-02,03/29/2020,20:00:00,0005684947
110 ST,IRTR18100-00-02,03/30/2020,00:00:00,0005684962
110 ST,IRTR18100-00-02,03/30/2020,04:00:00,0005684964
110 ST,IRTR18100-00-02,03/30/2020,08:00:00,0005684990
110 ST,IRTR18100-00-02,03/30/2020,12:00:00,0005685020
110 ST,IRTR18100-00-02,03/30/2020,16:00:00,0005685072
110 ST,IRTR18100-00-02,03/30/2020,20:00:00,0005685102
110 ST,IRTR18100-00-02,03/31/2020,00:00:00,0005685129
110 ST,IRTR18100-00-02,03/31/2020,04:00:00,0005685134
110 ST,IRTR18100-00-02,03/31/2020,08:00:00,0005685153
110 ST,IRTR18100-00-02,03/31/2020,12:00:00,0005685179
110 ST,IRTR18100-00-02,03/31/2020,16:00:00,0005685222
110 ST,IRTR18100-00-02,03/31/2020,20:00:00,0005685280
110 ST,IRTR18100-00-02,04/01/2020,00:00:00,0005685304
110 ST,IRTR18100-00-02,04/01/2020,04:00:00,0005685304
110 ST,IRTR18100-00-02,04/01/2020,08:00:00,0005685327
110 ST,IRTR18100-00-02,04/01/2020,12:00:00,0005685357
110 ST,IRTR18100-00-02,04/01/2020,16:00:00,0005685410
110 ST,IRTR18100-00-02,04/01/2020,20:00:00,0005685469
110 ST,IRTR18100-00-02,04/02/2020,00:00:00,0005685483
110 ST,IRTR18100-00-02,04/02/2020,04:00:00,0005685483
110 ST,IRTR18100-00-02,04/02/2020,08:00:00,0005685499
110 ST,IRTR18100-00-02,04/02/2020,12:00:00,0005685528
110 ST,IRTR18100-00-02,04/02/2020,16:00:00,0005685569
110 ST,IRTR18100-00-02,04/02/2020,20:00:00,0005685626
110 ST,IRTR18100-00-02,04/03/2020,00:00:00,0005685644
110 ST,IRTR18100-00-02,04/03/2020,04:00:00,0005685646
110 ST,IRTR18100-00-02,04/03/2020,08:00:00,0005685664
110 ST,IRTR18100-00-02,04/03/2020,12:00:00,0005685701
110 ST,IRTR18100-00-02,04/03/2020,16:00:00,0005685759
110 ST,IRTR18100-00-02,04/03/2020,20:00:00,0005685806
110 ST,IRTR18101-00-00,03/28/2020,00:00:00,0004220083
110 ST,IRTR18101-00-00,03/28/2020,04:00:00,0004220091
110 ST,IRTR18101-00-00,03/28/2020,08:00:00,0004220147
110 ST,IRTR18101-00-00,03/28/2020,12:00:00,0004220223
110 ST,IRTR18101-00-00,03/28/2020,16:00:00,0004220308
110 ST,IRTR18101-00-00,03/28/2020,20:00:00,0004220374
110 ST,IRTR18101-00-00,03/29/2020,00:00:00,0004220408
110 ST,IRTR18101-00-00,03/29/2020,04:00:00,0004220422
110 ST,IRTR18101-00-00,03/29/2020,08:00:00,0004220475
110 ST,IRTR18101-00-00,03/29/2020,12:00:00,0004220522
110 ST,IRTR18101-00-00,03/29/2020,16:00:00,0004220591
110 ST,IRTR18101-00-00,03/29/2020,20:00:00,0004220637
110 ST,IRTR18101-00-00,03/30/2020,00:00:00,0004220673
110 ST,IRTR18101-00-00,03/30/2020,04:00:00,0004220686
110 ST,IRTR18101-00-00,03/30/2020,08:00:00,0004220795
110 ST,IRTR18101-00-00,03/30/2020,12:00:00,0004220900
110 ST,IRTR18101-00-00,03/30/2020,16:00:00,0004221007
110 ST,IRTR18101-00-00,03/30/2020,20:00:00,0004221090
110 ST,IRTR18101-00-00,03/31/2020,00:00:00,0004221126
110 ST,IRTR18101-00-00,03/31/2020,04:00:00,0004221139
110 ST,IRTR18101-00-00,03/31/2020,08:00:00,0004221252
110 ST,IRTR18101-00-00,03/31/2020,12:00:00,0004221355
110 ST,IRTR18101-00-00,03/31/2020,16:00:00,0004221458
110 ST,IRTR18101-00-00,03/31/2020,20:00:00,0004221539
110 ST,IRTR18101-00-00,04/01/2020,00:00:00,0004221578
110 ST,IRTR18101-00-00,04/01/2020,04:00:00,0004221594
110 ST,IRTR18101-00-00,04/01/2020,08:00:00,0004221714
110 ST,IRTR18101-00-00,04/01/2020,12:00:00,0004221800
110 ST,IRTR18101-00-00,04/01/2020,16:00:00,0004221897
110 ST,IRTR18101-00-00,04/01/2020,20:00:00,0004221970
110 ST,IRTR18101-00-00,04/02/2020,00:00:00,0004222007
110 ST,IRTR18101-00-00,04/02/2020,04:00:00,0004222015
110 ST,IRTR18101-00-00,04/02/2020,08:00:00,0004222110
110 ST,IRTR18101-00-00,04/02/2020,12:00:00,0004222203
110 ST,IRTR18101-00-00,04/02/2020,16:00:00,0004222312
110 ST,IRTR18101-00-00,04/02/2020,20:00:00,0004222401
110 ST,IRTR18101-00-00,04/03/2020,00:00:00,0004222435
110 ST,IRTR18101-00-00,04/03/2020,04:00:00,0004222448
110 ST,IRTR18101-00-00,04/03/2020,08:00:00,0004222559
110 ST,IRTR18101-00-00,04/03/2020,12:00:00,0004222668
110 ST,IRTR18101-00-00,04/03/2020,16:00:00,0004222775
110 ST,IRTR18101-00-00,04/03/2020,20:00:00,0004222843
110 ST,IRTR18101-00-01,03/28/2020,00:00:00,0005461899
110 ST,IRTR18101-00-01,03/28/2020,04:00:00,0005461904
110 ST,IRTR18101-00-01,03/28/2020,08:00:00,0005461939
110 ST,IRTR18101-00-01,03/28/2020,12:00:00,0005461994
110 ST,IRTR18101-00-01,03/28/2020,16:00:00,0005462047
110 ST,IRTR18101-00-01,03/28/2020,20:00:00,0005462082
110 ST,IRTR18101-00-01,03/29/2020,00:00:00,0005462101
110 ST,IRTR18101-00-01,03/29/2020,04:00:00,0005462112
110 ST,IRTR18101-00-01,03/29/2020,08:00:00,0005462137
110 ST,IRTR18101-00-01,03/29/2020,12:00:00,0005462169
110 ST,IRTR18101-00-01,03/29/2020,16:00:00,0005462217
110 ST,IRTR18101-00-01,03/29/2020,20:00:00,0005462253
110 ST,IRTR18101-00-01,03/30/2020,00:00:00,0005462267
110 ST,IRTR18101-00-01,03/30/2020,04:00:00,0005462274
110 ST,IRTR18101-00-01,03/30/2020,08:00:00,0005462344
110 ST,IRTR18101-00-01,03/30/2020,12:00:00,0005462422
110 ST,IRTR18101-00-01,03/30/2020,16:00:00,0005462512
110 ST,IRTR18101-00-01,03/30/2020,20:00:00,0005462568
110 ST,IRTR18101-00-01,03/31/2020,00:00:00,0005462593
110 ST,IRTR18101-00-01,03/31/2020,04:00:00,0005462598
110 ST,IRTR18101-00-01,03/31/2020,08:00:00,0005462678
110 ST,IRTR18101-00-01,03/31/2020,12:00:00,0005462777
110 ST,IRTR18101-00-01,03/31/2020,16:00:00,0005462852
110 ST,IRTR18101-00-01,03/31/2020,20:00:00,0005462904
110 ST,IRTR18101-00-01,04/01/2020,00:00:00,0005462928
110 ST,IRTR18101-00-01,04/01/2020,04:00:00,0005462936
110 ST,IRTR18101-00-01,04/01/2020,08:00:00,0005463005
110 ST,IRTR18101-00-01,04/01/2020,12:00:00,0005463073
110 ST,IRTR18101-00-01,04/01/2020,16:00:00,0005463143
110 ST,IRTR18101-00-01,04/01/2020,20:00:00,0005463214
110 ST,IRTR18101-00-01,04/02/2020,00:00:00,0005463233
110 ST,IRTR18101-00-01,04/02/2020,04:00:00,0005463245
110 ST,IRTR18101-00-01,04/02/2020,08:00:00,0005463307
110 ST,IRTR18101-00-01,04/02/2020,12:00:00,0005463377
110 ST,IRTR18101-00-01,04/02/2020,16:00:00,0005463458
110 ST,IRTR18101-00-01,04/02/2020,20:00:00,0005463521
110 ST,IRTR18101-00-01,04/03/2020,00:00:00,0005463546
110 ST,IRTR18101-00-01,04/03/2020,04:00:00,0005463550
110 ST,IRTR18101-00-01,04/03/2020,08:00:00,0005463612
110 ST,IRTR18101-00-01,04/03/2020,12:00:00,0005463675
110 ST,IRTR18101-00-01,04/03/2020,16:00:00,0005463760
110 ST,IRTR18101-00-01,04/03/2020,20:00:00,0005463820
110 ST,IRTR18101-00-02,03/28/2020,00:00:00,0014511616
110 ST,IRTR18101-00-02,03/28/2020,04:00:00,0014511618
110 ST,IRTR18101-00-02,03/28/2020,08:00:00,0014511643
110 ST,IRTR18101-00-02,03/28/2020,12:00:00,0014511671
110 ST,IRTR18101-00-02,03/28/2020,16:00:00,0014511726
110 ST,IRTR18101-00-02,03/28/2020,20:00:00,0014511761
110 ST,IRTR18101-00-02,03/29/2020,00:00:00,0014511780
110 ST,IRTR18101-00-02,03/29/2020,04:00:00,0014511783
110 ST,IRTR18101-00-02,03/29/2020,08:00:00,0014511804
110 ST,IRTR18101-00-02,03/29/2020,12:00:00,0014511832
110 ST,IRTR18101-00-02,03/29/2020,16:00:00,0014511870
110 ST,IRTR18101-00-02,03/29/2020,20:00:00,0014511907
110 ST,IRTR18101-00-02,03/30/2020,00:00:00,0014511919
110 ST,IRTR18101-00-02,03/30/2020,04:00:00,0014511923
110 ST,IRTR18101-00-02,03/30/2020,08:00:00,0014512003
110 ST,IRTR18101-00-02,03/30/2020,12:00:00,0014512066
110 ST,IRTR18101-00-02,03/30/2020,16:00:00,0014512129
110 ST,IRTR18101-00-02,03/30/2020,20:00:00,0014512196
110 ST,IRTR18101-00-02,03/31/2020,00:00:00,0014512218
110 ST,IRTR18101-00-02,03/31/2020,04:00:00,0014512220
110 ST,IRTR18101-00-02,03/31/2020,08:00:00,0014512278
110 ST,IRTR18101-00-02,03/31/2020,12:00:00,0014512352
110 ST,IRTR18101-00-02,03/31/2020,16:00:00,0014512432
110 ST,IRTR18101-00-02,03/31/2020,20:00:00,0014512491
110 ST,IRTR18101-00-02,04/01/2020,00:00:00,0014512517
110 ST,IRTR18101-00-02,04/01/2020,04:00:00,0014512520
110 ST,IRTR18101-00-02,04/01/2020,08:00:00,0014512578
110 ST,IRTR18101-00-02,04/01/2020,12:00:00,0014512654
110 ST,IRTR18101-00-02,04/01/2020,16:00:00,0014512718
110 ST,IRTR18101-00-02,04/01/2020,20:00:00,0014512777
110 ST,IRTR18101-00-02,04/02/2020,00:00:00,0014512792
110 ST,IRTR18101-00-02,04/02/2020,04:00:00,0014512793
110 ST,IRTR18101-00-02,04/02/2020,08:00:00,0014512859
110 ST,IRTR18101-00-02,04/02/2020,12:00:00,0014512931
110 ST,IRTR18101-00-02,04/02/2020,16:00:00,0014512991
110 ST,IRTR18101-00-02,04/02/2020,20:00:00,0014513038
110 ST,IRTR18101-00-02,04/03/2020,00:00:00,0014513062
110 ST,IRTR18101-00-02,04/03/2020,04:00:00,0014513062
110 ST,IRTR18101-00-02,04/03/2020,08:00:00,0014513117
110 ST,IRTR18101-00-02,04/03/2020,12:00:00,0014513180
110 ST,IRTR18101-00-02,04/03/2020,16:00:00,0014513242
110 ST,IRTR18101-00-02,04/03/2020,20:00:00,0014513283
110 ST,IRTR18100-00-00,04/04/2020,00:00:00,0004986901
110 ST,IRTR18100-00-00,04/04/2020,04:00:00,0004986902
110 ST,IRTR18100-00-00,04/04/2020,08:00:00,0004986919
110 ST,IRTR18100-00-00,04/04/2020,12:00:00,0004986938
110 ST,IRTR18100-00-00,04/04/2020,16:00:00,0004986991
110 ST,IRTR18100-00-00,04/04/2020,20:00:00,0004987070
110 ST,IRTR18100-00-00,04/05/2020,00:00:00,0004987115
110 ST,IRTR18100-00-00,04/05/2020,04:00:00,0004987117
110 ST,IRTR18100-00-00,04/05/2020,08:00:00,0004987131
110 ST,IRTR18100-00-00,04/05/2020,12:00:00,0004987143
110 ST,IRTR18100-00-00,04/05/2020,16:00:00,0004987172
110 ST,IRTR18100-00-00,04/05/2020,20:00:00,0004987230
110 ST,IRTR18100-00-00,04/06/2020,00:00:00,0004987253
110 ST,IRTR18100-00-00,04/06/2020,04:00:00,0004987257
110 ST,IRTR18100-00-00,04/06/2020,08:00:00,0004987294
110 ST,IRTR18100-00-00,04/06/2020,12:00:00,0004987326
110 ST,IRTR18100-00-00,04/06/2020,16:00:00,0004987402
110 ST,IRTR18100-00-00,04/06/2020,20:00:00,0004987489
110 ST,IRTR18100-00-00,04/07/2020,00:00:00,0004987515
110 ST,IRTR18100-00-00,04/07/2020,04:00:00,0004987519
110 ST,IRTR18100-00-00,04/07/2020,08:00:00,0004987554
110 ST,IRTR18100-00-00,04/07/2020,12:00:00,0004987617
110 ST,IRTR18100-00-00,04/07/2020,16:00:00,0004987681
110 ST,IRTR18100-00-00,04/07/2020,20:00:00,0004987763
110 ST,IRTR18100-00-00,04/08/2020,00:00:00,0004987789
110 ST,IRTR18100-00-00,04/08/2020,04:00:00,0004987791
110 ST,IRTR18100-00-00,04/08/2020,08:00:00,0004987806
110 ST,IRTR18100-00-00,04/08/2020,12:00:00,0004987822
110 ST,IRTR18100-00-00,04/08/2020,16:00:00,0004987894
110 ST,IRTR18100-00-00,04/08/2020,20:00:00,0004988026
110 ST,IRTR18100-00-00,04/09/2020,00:00:00,0004988060
110 ST,IRTR18100-00-00,04/09/2020,04:00:00,0004988061
110 ST,IRTR18100-00-00,04/09/2020,08:00:00,0004988091
110 ST,IRTR18100-00-00,04/09/2020,12:00:00,0004988122
110 ST,IRTR18100-00-00,04/09/2020,16:00:00,0004988195
110 ST,IRTR18100-00-00,04/09/2020,20:00:00,0004988275
110 ST,IRTR18100-00-00,04/10/2020,00:00:00,0004988315
110 ST,IRTR18100-00-00,04/10/2020,04:00:00,0004988317
110 ST,IRTR18100-00-00,04/10/2020,08:00:00,0004988337
110 ST,IRTR18100-00-00,04/10/2020,12:00:00,0004988380
110 ST,IRTR18100-00-00,04/10/2020,16:00:00,0004988435
110 ST,IRTR18100-00-00,04/10/2020,20:00:00,0004988516
110 ST,IRTR18100-00-01,04/04/2020,00:00:00,0005711133
110 ST,IRTR18100-00-01,04/04/2020,04:00:00,0005711140
110 ST,IRTR18100-00-01,04/04/2020,08:00:00,0005711159
110 ST,IRTR18100-00-01,04/04/2020,12:00:00,0005711184
110 ST,IRTR18100-00-01,04/04/2020,16:00:00,0005711238
110 ST,IRTR18100-00-01,04/04/2020,20:00:00,0005711274
110 ST,IRTR18100-00-01,04/05/2020,00:00:00,0005711289
110 ST,IRTR18100-00-01,04/05/2020,04:00:00,0005711294
110 ST,IRTR18100-00-01,04/05/2020,08:00:00,0005711313
110 ST,IRTR18100-00-01,04/05/2020,12:00:00,0005711331
110 ST,IRTR18100-00-01,04/05/2020,16:00:00,0005711358
110 ST,IRTR18100-00-01,04/05/2020,20:00:00,0005711395
110 ST,IRTR18100-00-01,04/06/2020,00:00:00,0005711426
110 ST,IRTR18100-00-01,04/06/2020,04:00:00,0005711427
110 ST,IRTR18100-00-01,04/06/2020,08:00:00,0005711455
110 ST,IRTR18100-00-01,04/06/2020,12:00:00,0005711500
110 ST,IRTR18100-00-01,04/06/2020,16:00:00,0005711558
110 ST,IRTR18100-00-01,04/06/2020,20:00:00,0005711673
110 ST,IRTR18100-00-01,04/07/2020,00:00:00,0005711712
110 ST,IRTR18100-00-01,04/07/2020,04:00:00,0005711717
110 ST,IRTR18100-00-01,04/07/2020,08:00:00,0005711750
110 ST,IRTR18100-00-01,04/07/2020,12:00:00,0005711776
110 ST,IRTR18100-00-01,04/07/2020,16:00:00,0005711822
110 ST,IRTR18100-00-01,04/07/2020,20:00:00,0005711885
110 ST,IRTR18100-00-01,04/08/2020,00:00:00,0005711905
110 ST,IRTR18100-00-01,04/08/2020,04:00:00,0005711912
110 ST,IRTR18100-00-01,04/08/2020,08:00:00,0005711925
110 ST,IRTR18100-00-01,04/08/2020,12:00:00,0005711933
110 ST,IRTR18100-00-01,04/08/2020,16:00:00,0005711948
110 ST,IRTR18100-00-01,04/08/2020,20:00:00,0005711973
110 ST,IRTR18100-00-01,04/09/2020,00:00:00,0005712000
110 ST,IRTR18100-00-01,04/09/2020,04:00:00,0005712007
110 ST,IRTR18100-00-01,04/09/2020,08:00:00,0005712040
110 ST,IRTR18100-00-01,04/09/2020,12:00:00,0005712071
110 ST,IRTR18100-00-01,04/09/2020,16:00:00,0005712131
110 ST,IRTR18100-00-01,04/09/2020,20:00:00,0005712214
110 ST,IRTR18100-00-01,04/10/2020,00:00:00,0005712255
110 ST,IRTR18100-00-01,04/10/2020,04:00:00,0005712268
110 ST,IRTR18100-00-01,04/10/2020,08:00:00,0005712308
110 ST,IRTR18100-00-01,04/10/2020,12:00:00,0005712365
110 ST,IRTR18100-00-01,04/10/2020,16:00:00,0005712420
110 ST,IRTR18100-00-01,04/10/2020,20:00:00,0005712487
110 ST,IRTR18100-00-02,04/04/2020,00:00:00,0005685820
110 ST,IRTR18100-00-02,04/04/2020,04:00:00,0005685823
110 ST,IRTR18100-00-02,04/04/2020,08:00:00,0005685833
110 ST,IRTR18100-00-02,04/04/2020,12:00:00,0005685847
110 ST,IRTR18100-00-02,04/04/2020,16:00:00,0005685875
110 ST,IRTR18100-00-02,04/04/2020,20:00:00,0005685897
110 ST,IRTR18100-00-02,04/05/2020,00:00:00,0005685903
110 ST,IRTR18100-00-02,04/05/2020,04:00:00,0005685906
110 ST,IRTR18100-00-02,04/05/2020,08:00:00,0005685913
110 ST,IRTR18100-00-02,04/05/2020,12:00:00,0005685924
110 ST,IRTR18100-00-02,04/05/2020,16:00:00,0005685948
110 ST,IRTR18100-00-02,04/05/2020,20:00:00,0005685971
110 ST,IRTR18100-00-02,04/06/2020,00:00:00,0005685993
110 ST,IRTR18100-00-02,04/06/2020,04:00:00,0005685995
110 ST,IRTR18100-00-02,04/06/2020,08:00:00,0005686012
110 ST,IRTR18100-00-02,04/06/2020,12:00:00,0005686042
110 ST,IRTR18100-00-02,04/06/2020,16:00:00,0005686080
110 ST,IRTR18100-00-02,04/06/2020,20:00:00,0005686088
110 ST,IRTR18100-00-02,04/07/2020,00:00:00,0005686088
110 ST,IRTR18100-00-02,04/07/2020,04:00:00,0005686088
110 ST,IRTR18100-00-02,04/07/2020,08:00:00,0005686088
110 ST,IRTR18100-00-02,04/07/2020,12:00:00,0005686108
110 ST,IRTR18100-00-02,04/07/2020,16:00:00,0005686157
110 ST,IRTR18100-00-02,04/07/2020,20:00:00,0005686203
110 ST,IRTR18100-00-02,04/08/2020,00:00:00,0005686219
110 ST,IRTR18100-00-02,04/08/2020,04:00:00,0005686221
110 ST,IRTR18100-00-02,04/08/2020,08:00:00,0005686265
110 ST,IRTR18100-00-02,04/08/2020,12:00:00,0005686348
110 ST,IRTR18100-00-02,04/08/2020,16:00:00,0005686426
110 ST,IRTR18100-00-02,04/08/2020,20:00:00,0005686489
110 ST,IRTR18100-00-02,04/09/2020,00:00:00,0005686506
110 ST,IRTR18100-00-02,04/09/2020,04:00:00,0005686510
110 ST,IRTR18100-00-02,04/09/2020,08:00:00,0005686523
110 ST,IRTR18100-00-02,04/09/2020,12:00:00,0005686546
110 ST,IRTR18100-00-02,04/09/2020,16:00:00,0005686575
110 ST,IRTR18100-00-02,04/09/2020,20:00:00,0005686575
110 ST,IRTR18100-00-02,04/10/2020,00:00:00,0005686575
110 ST,IRTR18100-00-02,04/10/2020,04:00:00,0005686575
110 ST,IRTR18100-00-02,04/10/2020,08:00:00,0005686575
110 ST,IRTR18100-00-02,04/10/2020,12:00:00,0005686593
110 ST,IRTR18100-00-02,04/10/2020,16:00:00,0005686635
110 ST,IRTR18100-00-02,04/10/2020,20:00:00,0005686683
110 ST,IRTR18101-00-00,04/04/2020,00:00:00,0004222873
110 ST,IRTR18101-00-00,04/04/2020,04:00:00,0004222883
110 ST,IRTR18101-00-00,04/04/2020,08:00:00,0004222929
110 ST,IRTR18101-00-00,04/04/2020,12:00:00,0004222995
110 ST,IRTR18101-00-00,04/04/2020,16:00:00,0004223065
110 ST,IRTR18101-00-00,04/04/2020,20:00:00,0004223128
110 ST,IRTR18101-00-00,04/05/2020,00:00:00,0004223153
110 ST,IRTR18101-00-00,04/05/2020,04:00:00,0004223165
110 ST,IRTR18101-00-00,04/05/2020,08:00:00,0004223206
110 ST,IRTR18101-00-00,04/05/2020,12:00:00,0004223249
110 ST,IRTR18101-00-00,04/05/2020,16:00:00,0004223323
110 ST,IRTR18101-00-00,04/05/2020,20:00:00,0004223371
110 ST,IRTR18101-00-00,04/06/2020,00:00:00,0004223396
110 ST,IRTR18101-00-00,04/06/2020,04:00:00,0004223404
110 ST,IRTR18101-00-00,04/06/2020,08:00:00,0004223543
110 ST,IRTR18101-00-00,04/06/2020,12:00:00,0004223638
110 ST,IRTR18101-00-00,04/06/2020,16:00:00,0004223727
110 ST,IRTR18101-00-00,04/06/2020,20:00:00,0004223776
110 ST,IRTR18101-00-00,04/07/2020,00:00:00,0004223803
110 ST,IRTR18101-00-00,04/07/2020,04:00:00,0004223811
110 ST,IRTR18101-00-00,04/07/2020,08:00:00,0004223901
110 ST,IRTR18101-00-00,04/07/2020,12:00:00,0004223984
110 ST,IRTR18101-00-00,04/07/2020,16:00:00,0004224079
110 ST,IRTR18101-00-00,04/07/2020,20:00:00,0004224141
110 ST,IRTR18101-00-00,04/08/2020,00:00:00,0004224173
110 ST,IRTR18101-00-00,04/08/2020,04:00:00,0004224185
110 ST,IRTR18101-00-00,04/08/2020,08:00:00,0004224279
110 ST,IRTR18101-00-00,04/08/2020,12:00:00,0004224353
110 ST,IRTR18101-00-00,04/08/2020,16:00:00,0004224436
110 ST,IRTR18101-00-00,04/08/2020,20:00:00,0004224494
110 ST,IRTR18101-00-00,04/09/2020,00:00:00,0004224533
110 ST,IRTR18101-00-00,04/09/2020,04:00:00,0004224545
110 ST,IRTR18101-00-00,04/09/2020,08:00:00,0004224621
110 ST,IRTR18101-00-00,04/09/2020,12:00:00,0004224694
110 ST,IRTR18101-00-00,04/09/2020,16:00:00,0004224767
110 ST,IRTR18101-00-00,04/09/2020,20:00:00,0004224833
110 ST,IRTR18101-00-00,04/10/2020,00:00:00,0004224860
110 ST,IRTR18101-00-00,04/10/2020,04:00:00,0004224867
110 ST,IRTR18101-00-00,04/10/2020,08:00:00,0004224960
110 ST,IRTR18101-00-00,04/10/2020,12:00:00,0004225033
110 ST,IRTR18101-00-00,04/10/2020,16:00:00,0004225119
110 ST,IRTR18101-00-00,04/10/2020,20:00:00,0004225186
110 ST,IRTR18101-00-01,04/04/2020,00:00:00,0005463843
110 ST,IRTR18101-00-01,04/04/2020,04:00:00,0005463850
110 ST,IRTR18101-00-01,04/04/2020,08:00:00,0005463881
110 ST,IRTR18101-00-01,04/04/2020,12:00:00,0005463929
110 ST,IRTR18101-00-01,04/04/2020,16:00:00,0005463973
110 ST,IRTR18101-00-01,04/04/2020,20:00:00,0005464018
110 ST,IRTR18101-00-01,04/05/2020,00:00:00,0005464040
110 ST,IRTR18101-00-01,04/05/2020,04:00:00,0005464046
110 ST,IRTR18101-00-01,04/05/2020,08:00:00,0005464080
110 ST,IRTR18101-00-01,04/05/2020,12:00:00,0005464112
110 ST,IRTR18101-00-01,04/05/2020,16:00:00,0005464147
110 ST,IRTR18101-00-01,04/05/2020,20:00:00,0005464178
110 ST,IRTR18101-00-01,04/06/2020,00:00:00,0005464189
110 ST,IRTR18101-00-01,04/06/2020,04:00:00,0005464197
110 ST,IRTR18101-00-01,04/06/2020,08:00:00,0005464259
110 ST,IRTR18101-00-01,04/06/2020,12:00:00,0005464323
110 ST,IRTR18101-00-01,04/06/2020,16:00:00,0005464385
110 ST,IRTR18101-00-01,04/06/2020,20:00:00,0005464429
110 ST,IRTR18101-00-01,04/07/2020,00:00:00,0005464447
110 ST,IRTR18101-00-01,04/07/2020,04:00:00,0005464452
110 ST,IRTR18101-00-01,04/07/2020,08:00:00,0005464518
110 ST,IRTR18101-00-01,04/07/2020,12:00:00,0005464584
110 ST,IRTR18101-00-01,04/07/2020,16:00:00,0005464638
110 ST,IRTR18101-00-01,04/07/2020,20:00:00,0005464689
110 ST,IRTR18101-00-01,04/08/2020,00:00:00,0005464708
110 ST,IRTR18101-00-01,04/08/2020,04:00:00,0005464716
110 ST,IRTR18101-00-01,04/08/2020,08:00:00,0005464757
110 ST,IRTR18101-00-01,04/08/2020,12:00:00,0005464807
110 ST,IRTR18101-00-01,04/08/2020,16:00:00,0005464872
110 ST,IRTR18101-00-01,04/08/2020,20:00:00,0005464912
110 ST,IRTR18101-00-01,04/09/2020,00:00:00,0005464925
110 ST,IRTR18101-00-01,04/09/2020,04:00:00,0005464929
110 ST,IRTR18101-00-01,04/09/2020,08:00:00,0005464991
110 ST,IRTR18101-00-01,04/09/2020,12:00:00,0005465046
110 ST,IRTR18101-00-01,04/09/2020,16:00:00,0005465107
110 ST,IRTR18101-00-01,04/09/2020,20:00:00,0005465143
110 ST,IRTR18101-00-01,04/10/2020,00:00:00,0005465160
110 ST,IRTR18101-00-01,04/10/2020,04:00:00,0005465168
110 ST,IRTR18101-00-01,04/10/2020,08:00:00,0005465213
110 ST,IRTR18101-00-01,04/10/2020,12:00:00,0005465268
110 ST,IRTR18101-00-01,04/10/2020,16:00:00,0005465336
110 ST,IRTR18101-00-01,04/10/2020,20:00:00,0005465385
110 ST,IRTR18101-00-02,04/04/2020,00:00:00,0014513307
110 ST,IRTR18101-00-02,04/04/2020,04:00:00,0014513308
110 ST,IRTR18101-00-02,04/04/2020,08:00:00,0014513325
110 ST,IRTR18101-00-02,04/04/2020,12:00:00,0014513348
110 ST,IRTR18101-00-02,04/04/2020,16:00:00,0014513387
110 ST,IRTR18101-00-02,04/04/2020,20:00:00,0014513422
110 ST,IRTR18101-00-02,04/05/2020,00:00:00,0014513436
110 ST,IRTR18101-00-02,04/05/2020,04:00:00,0014513436
110 ST,IRTR18101-00-02,04/05/2020,08:00:00,0014513456
110 ST,IRTR18101-00-02,04/05/2020,12:00:00,0014513471
110 ST,IRTR18101-00-02,04/05/2020,16:00:00,0014513500
110 ST,IRTR18101-00-02,04/05/2020,20:00:00,0014513532
110 ST,IRTR18101-00-02,04/06/2020,00:00:00,0014513545
110 ST,IRTR18101-00-02,04/06/2020,04:00:00,0014513548
110 ST,IRTR18101-00-02,04/06/2020,08:00:00,0014513600
110 ST,IRTR18101-00-02,04/06/2020,12:00:00,0014513653
110 ST,IRTR18101-00-02,04/06/2020,16:00:00,0014513693
110 ST,IRTR18101-00-02,04/06/2020,20:00:00,0014513736
110 ST,IRTR18101-00-02,04/07/2020,00:00:00,0014513755
110 ST,IRTR18101-00-02,04/07/2020,04:00:00,0014513758
110 ST,IRTR18101-00-02,04/07/2020,08:00:00,0014513812
110 ST,IRTR18101-00-02,04/07/2020,12:00:00,0014513867
110 ST,IRTR18101-00-02,04/07/2020,16:00:00,0014513913
110 ST,IRTR18101-00-02,04/07/2020,20:00:00,0014513958
110 ST,IRTR18101-00-02,04/08/2020,00:00:00,0014513972
110 ST,IRTR18101-00-02,04/08/2020,04:00:00,0014513976
110 ST,IRTR18101-00-02,04/08/2020,08:00:00,0014514023
110 ST,IRTR18101-00-02,04/08/2020,12:00:00,0014514083
110 ST,IRTR18101-00-02,04/08/2020,16:00:00,0014514123
110 ST,IRTR18101-00-02,04/08/2020,20:00:00,0014514169
110 ST,IRTR18101-00-02,04/09/2020,00:00:00,0014514189
110 ST,IRTR18101-00-02,04/09/2020,04:00:00,0014514192
110 ST,IRTR18101-00-02,04/09/2020,08:00:00,0014514238
110 ST,IRTR18101-00-02,04/09/2020,12:00:00,0014514279
110 ST,IRTR18101-00-02,04/09/2020,16:00:00,0014514328
110 ST,IRTR18101-00-02,04/09/2020,20:00:00,0014514366
110 ST,IRTR18101-00-02,04/10/2020,00:00:00,0014514387
110 ST,IRTR18101-00-02,04/10/2020,04:00:00,0014514392
110 ST,IRTR18101-00-02,04/10/2020,08:00:00,0014514439
110 ST,IRTR18101-00-02,04/10/2020,12:00:00,0014514483
110 ST,IRTR18101-00-02,04/10/2020,16:00:00,0014514539
110 ST,IRTR18101-00-02,04/10/2020,20:00:00,0014514577
110 ST,IRTR18100-00-00,04/11/2020,00:00:00,0004988542
110 ST,IRTR18100-00-00,04/11/2020,04:00:00,0004988546
110 ST,IRTR18100-00-00,04/11/2020,08:00:00,0004988561
110 ST,IRTR18100-00-00,04/11/2020,12:00:00,0004988577
110 ST,IRTR18100-00-00,04/11/2020,16:00:00,0004988624
110 ST,IRTR18100-00-00,04/11/2020,20:00:00,0004988671
110 ST,IRTR18100-00-00,04/12/2020,00:00:00,0004988690
110 ST,IRTR18100-00-00,04/12/2020,04:00:00,0004988694
110 ST,IRTR18100-00-00,04/12/2020,08:00:00,0004988706
110 ST,IRTR18100-00-00,04/12/2020,12:00:00,0004988724
110 ST,IRTR18100-00-00,04/12/2020,16:00:00,0004988753
110 ST,IRTR18100-00-00,04/12/2020,20:00:00,0004988780
110 ST,IRTR18100-00-00,04/13/2020,00:00:00,0004988802
110 ST,IRTR18100-00-00,04/13/2020,04:00:00,0004988804
110 ST,IRTR18100-00-00,04/13/2020,08:00:00,0004988815
110 ST,IRTR18100-00-00,04/13/2020,12:00:00,0004988829
110 ST,IRTR18100-00-00,04/13/2020,16:00:00,0004988862
110 ST,IRTR18100-00-00,04/13/2020,20:00:00,0004988905
110 ST,IRTR18100-00-00,04/14/2020,00:00:00,0004988922
110 ST,IRTR18100-00-00,04/14/2020,04:00:00,0004988924
110 ST,IRTR18100-00-00,04/14/2020,08:00:00,0004988938
110 ST,IRTR18100-00-00,04/14/2020,12:00:00,0004988976
110 ST,IRTR18100-00-00,04/14/2020,16:00:00,0004989040
110 ST,IRTR18100-00-00,04/14/2020,20:00:00,0004989130
110 ST,IRTR18100-00-00,04/15/2020,00:00:00,0004989159
110 ST,IRTR18100-00-00,04/15/2020,04:00:00,0004989162
110 ST,IRTR18100-00-00,04/15/2020,08:00:00,0004989187
110 ST,IRTR18100-00-00,04/15/2020,12:00:00,0004989221
110 ST,IRTR18100-00-00,04/15/2020,16:00:00,0004989302
110 ST,IRTR18100-00-00,04/15/2020,20:00:00,0004989398
110 ST,IRTR18100-00-00,04/16/2020,00:00:00,0004989426
110 ST,IRTR18100-00-00,04/16/2020,04:00:00,0004989430
110 ST,IRTR18100-00-00,04/16/2020,08:00:00,0004989457
110 ST,IRTR18100-00-00,04/16/2020,12:00:00,0004989496
110 ST,IRTR18100-00-00,04/16/2020,16:00:00,0004989556
110 ST,IRTR18100-00-00,04/16/2020,20:00:00,0004989632
110 ST,IRTR18100-00-00,04/17/2020,00:00:00,0004989660
110 ST,IRTR18100-00-00,04/17/2020,04:00:00,0004989665
110 ST,IRTR18100-00-00,04/17/2020,08:00:00,0004989696
110 ST,IRTR18100-00-00,04/17/2020,12:00:00,0004989739
110 ST,IRTR18100-00-00,04/17/2020,16:00:00,0004989822
110 ST,IRTR18100-00-00,04/17/2020,20:00:00,0004989893
110 ST,IRTR18100-00-01,04/11/2020,00:00:00,0005712523
110 ST,IRTR18100-00-01,04/11/2020,04:00:00,0005712532
110 ST,IRTR18100-00-01,04/11/2020,08:00:00,0005712552
110 ST,IRTR18100-00-01,04/11/2020,12:00:00,0005712574
110 ST,IRTR18100-00-01,04/11/2020,16:00:00,0005712616
110 ST,IRTR18100-00-01,04/11/2020,20:00:00,0005712665
110 ST,IRTR18100-00-01,04/12/2020,00:00:00,0005712691
110 ST,IRTR18100-00-01,04/12/2020,04:00:00,0005712695
110 ST,IRTR18100-00-01,04/12/2020,08:00:00,0005712703
110 ST,IRTR18100-00-01,04/12/2020,12:00:00,0005712714
110 ST,IRTR18100-00-01,04/12/2020,16:00:00,0005712746
110 ST,IRTR18100-00-01,04/12/2020,20:00:00,0005712786
110 ST,IRTR18100-00-01,04/13/2020,00:00:00,0005712808
110 ST,IRTR18100-00-01,04/13/2020,04:00:00,0005712811
110 ST,IRTR18100-00-01,04/13/2020,08:00:00,0005712818
110 ST,IRTR18100-00-01,04/13/2020,12:00:00,0005712834
110 ST,IRTR18100-00-01,04/13/2020,16:00:00,0005712865
110 ST,IRTR18100-00-01,04/13/2020,20:00:00,0005712896
110 ST,IRTR18100-00-01,04/14/2020,00:00:00,0005712908
110 ST,IRTR18100-00-01,04/14/2020,04:00:00,0005712908
110 ST,IRTR18100-00-01,04/14/2020,08:00:00,0005712910
110 ST,IRTR18100-00-01,04/14/2020,12:00:00,0005712916
110 ST,IRTR18100-00-01,04/14/2020,16:00:00,0005712970
110 ST,IRTR18100-00-01,04/14/2020,20:00:00,0005713037
110 ST,IRTR18100-00-01,04/15/2020,00:00:00,0005713054
110 ST,IRTR18100-00-01,04/15/2020,04:00:00,0005713054
110 ST,IRTR18100-00-01,04/15/2020,08:00:00,0005713082
110 ST,IRTR18100-00-01,04/15/2020,12:00:00,0005713126
110 ST,IRTR18100-00-01,04/15/2020,16:00:00,0005713177
110 ST,IRTR18100-00-01,04/15/2020,20:00:00,0005713241
110 ST,IRTR18100-00-01,04/16/2020,00:00:00,0005713268
110 ST,IRTR18100-00-01,04/16/2020,04:00:00,0005713276
110 ST,IRTR18100-00-01,04/16/2020,08:00:00,0005713311
110 ST,IRTR18100-00-01,04/16/2020,12:00:00,0005713343
110 ST,IRTR18100-00-01,04/16/2020,16:00:00,0005713394
110 ST,IRTR18100-00-01,04/16/2020,20:00:00,0005713441
110 ST,IRTR18100-00-01,04/17/2020,00:00:00,0005713461
110 ST,IRTR18100-00-01,04/17/2020,04:00:00,0005713468
110 ST,IRTR18100-00-01,04/17/2020,08:00:00,0005713495
110 ST,IRTR18100-00-01,04/17/2020,12:00:00,0005713553
110 ST,IRTR18100-00-01,04/17/2020,16:00:00,0005713612
110 ST,IRTR18100-00-01,04/17/2020,20:00:00,0005713674
110 ST,IRTR18100-00-02,04/11/2020,00:00:00,0005686699
110 ST,IRTR18100-00-02,04/11/2020,04:00:00,0005686704
110 ST,IRTR18100-00-02,04/11/2020,08:00:00,0005686723
110 ST,IRTR18100-00-02,04/11/2020,12:00:00,0005686730
110 ST,IRTR18100-00-02,04/11/2020,16:00:00,0005686759
110 ST,IRTR18100-00-02,04/11/2020,20:00:00,0005686785
110 ST,IRTR18100-00-02,04/12/2020,00:00:00,0005686805
110 ST,IRTR18100-00-02,04/12/2020,04:00:00,0005686808
110 ST,IRTR18100-00-02,04/12/2020,08:00:00,0005686823
110 ST,IRTR18100-00-02,04/12/2020,12:00:00,0005686831
110 ST,IRTR18100-00-02,04/12/2020,16:00:00,0005686843
110 ST,IRTR18100-00-02,04/12/2020,20:00:00,0005686863
110 ST,IRTR18100-00-02,04/13/2020,00:00:00,0005686881
110 ST,IRTR18100-00-02,04/13/2020,04:00:00,0005686885
110 ST,IRTR18100-00-02,04/13/2020,08:00:00,0005686932
110 ST,IRTR18100-00-02,04/13/2020,12:00:00,0005686986
110 ST,IRTR18100-00-02,04/13/2020,16:00:00,0005687046
110 ST,IRTR18100-00-02,04/13/2020,20:00:00,0005687124
110 ST,IRTR18100-00-02,04/14/2020,00:00:00,0005687157
110 ST,IRTR18100-00-02,04/14/2020,04:00:00,0005687165
110 ST,IRTR18100-00-02,04/14/2020,08:00:00,0005687212
110 ST,IRTR18100-00-02,04/14/2020,12:00:00,0005687269
110 ST,IRTR18100-00-02,04/14/2020,16:00:00,0005687310
110 ST,IRTR18100-00-02,04/14/2020,20:00:00,0005687354
110 ST,IRTR18100-00-02,04/15/2020,00:00:00,0005687367
110 ST,IRTR18100-00-02,04/15/2020,04:00:00,0005687367
110 ST,IRTR18100-00-02,04/15/2020,08:00:00,0005687384
110 ST,IRTR18100-00-02,04/15/2020,12:00:00,0005687399
110 ST,IRTR18100-00-02,04/15/2020,16:00:00,0005687430
110 ST,IRTR18100-00-02,04/15/2020,20:00:00,0005687477
110 ST,IRTR18100-00-02,04/16/2020,00:00:00,0005687488
110 ST,IRTR18100-00-02,04/16/2020,04:00:00,0005687488
110 ST,IRTR18100-00-02,04/16/2020,08:00:00,0005687502
110 ST,IRTR18100-00-02,04/16/2020,12:00:00,0005687516
110 ST,IRTR18100-00-02,04/16/2020,16:00:00,0005687554
110 ST,IRTR18100-00-02,04/16/2020,20:00:00,0005687597
110 ST,IRTR18100-00-02,04/17/2020,00:00:00,0005687614
110 ST,IRTR18100-00-02,04/17/2020,04:00:00,0005687615
110 ST,IRTR18100-00-02,04/17/2020,08:00:00,0005687627
110 ST,IRTR18100-00-02,04/17/2020,12:00:00,0005687652
110 ST,IRTR18100-00-02,04/17/2020,16:00:00,0005687690
110 ST,IRTR18100-00-02,04/17/2020,20:00:00,0005687736
110 ST,IRTR18101-00-00,04/11/2020,00:00:00,0004225215
110 ST,IRTR18101-00-00,04/11/2020,04:00:00,0004225227
110 ST,IRTR18101-00-00,04/11/2020,08:00:00,0004225270
110 ST,IRTR18101-00-00,04/11/2020,12:00:00,0004225316
110 ST,IRTR18101-00-00,04/11/2020,16:00:00,0004225364
110 ST,IRTR18101-00-00,04/11/2020,20:00:00,0004225412
110 ST,IRTR18101-00-00,04/12/2020,00:00:00,0004225437
110 ST,IRTR18101-00-00,04/12/2020,04:00:00,0004225441
110 ST,IRTR18101-00-00,04/12/2020,08:00:00,0004225469
110 ST,IRTR18101-00-00,04/12/2020,12:00:00,0004225507
110 ST,IRTR18101-00-00,04/12/2020,16:00:00,0004225566
110 ST,IRTR18101-00-00,04/12/2020,20:00:00,0004225588
110 ST,IRTR18101-00-00,04/13/2020,00:00:00,0004225614
110 ST,IRTR18101-00-00,04/13/2020,04:00:00,0004225622
110 ST,IRTR18101-00-00,04/13/2020,08:00:00,0004225701
110 ST,IRTR18101-00-00,04/13/2020,12:00:00,0004225770
110 ST,IRTR18101-00-00,04/13/2020,16:00:00,0004225823
110 ST,IRTR18101-00-00,04/13/2020,20:00:00,0004225878
110 ST,IRTR18101-00-00,04/14/2020,00:00:00,0004225901
110 ST,IRTR18101-00-00,04/14/2020,04:00:00,0004225910
110 ST,IRTR18101-00-00,04/14/2020,08:00:00,0004225986
110 ST,IRTR18101-00-00,04/14/2020,16:00:00,0004226147
110 ST,IRTR18101-00-00,04/14/2020,20:00:00,0004226198
110 ST,IRTR18101-00-00,04/15/2020,00:00:00,0004226226
110 ST,IRTR18101-00-00,04/15/2020,04:00:00,0004226232
110 ST,IRTR18101-00-00,04/15/2020,08:00:00,0004226304
110 ST,IRTR18101-00-00,04/15/2020,12:00:00,0004226389
110 ST,IRTR18101-00-00,04/15/2020,16:00:00,0004226467
110 ST,IRTR18101-00-00,04/15/2020,20:00:00,0004226523
110 ST,IRTR18101-00-00,04/16/2020,00:00:00,0004226543
110 ST,IRTR18101-00-00,04/16/2020,04:00:00,0004226552
110 ST,IRTR18101-00-00,04/16/2020,08:00:00,0004226627
110 ST,IRTR18101-00-00,04/16/2020,12:00:00,0004226718
110 ST,IRTR18101-00-00,04/16/2020,16:00:00,0004226804
110 ST,IRTR18101-00-00,04/16/2020,20:00:00,0004226868
110 ST,IRTR18101-00-00,04/17/2020,00:00:00,0004226901
110 ST,IRTR18101-00-00,04/17/2020,04:00:00,0004226913
110 ST,IRTR18101-00-00,04/17/2020,08:00:00,0004227004
110 ST,IRTR18101-00-00,04/17/2020,12:00:00,0004227084
110 ST,IRTR18101-00-00,04/17/2020,16:00:00,0004227163
110 ST,IRTR18101-00-00,04/17/2020,20:00:00,0004227227
110 ST,IRTR18101-00-01,04/11/2020,00:00:00,0005465410
110 ST,IRTR18101-00-01,04/11/2020,04:00:00,0005465416
110 ST,IRTR18101-00-01,04/11/2020,08:00:00,0005465442
110 ST,IRTR18101-00-01,04/11/2020,12:00:00,0005465478
110 ST,IRTR18101-00-01,04/11/2020,16:00:00,0005465524
110 ST,IRTR18101-00-01,04/11/2020,20:00:00,0005465554
110 ST,IRTR18101-00-01,04/12/2020,00:00:00,0005465569
110 ST,IRTR18101-00-01,04/12/2020,04:00:00,0005465570
110 ST,IRTR18101-00-01,04/12/2020,08:00:00,0005465597
110 ST,IRTR18101-00-01,04/12/2020,12:00:00,0005465627
110 ST,IRTR18101-00-01,04/12/2020,16:00:00,0005465663
110 ST,IRTR18101-00-01,04/12/2020,20:00:00,0005465689
110 ST,IRTR18101-00-01,04/13/2020,00:00:00,0005465703
110 ST,IRTR18101-00-01,04/13/2020,04:00:00,0005465710
110 ST,IRTR18101-00-01,04/13/2020,08:00:00,0005465762
110 ST,IRTR18101-00-01,04/13/2020,12:00:00,0005465806
110 ST,IRTR18101-00-01,04/13/2020,16:00:00,0005465851
110 ST,IRTR18101-00-01,04/13/2020,20:00:00,0005465889
110 ST,IRTR18101-00-01,04/14/2020,00:00:00,0005465910
110 ST,IRTR18101-00-01,04/14/2020,04:00:00,0005465917
110 ST,IRTR18101-00-01,04/14/2020,08:00:00,0005465964
110 ST,IRTR18101-00-01,04/14/2020,16:00:00,0005466084
110 ST,IRTR18101-00-01,04/14/2020,20:00:00,0005466119
110 ST,IRTR18101-00-01,04/15/2020,00:00:00,0005466138
110 ST,IRTR18101-00-01,04/15/2020,04:00:00,0005466143
110 ST,IRTR18101-00-01,04/15/2020,08:00:00,0005466196
110 ST,IRTR18101-00-01,04/15/2020,12:00:00,0005466247
110 ST,IRTR18101-00-01,04/15/2020,16:00:00,0005466305
110 ST,IRTR18101-00-01,04/15/2020,20:00:00,0005466351
110 ST,IRTR18101-00-01,04/16/2020,00:00:00,0005466374
110 ST,IRTR18101-00-01,04/16/2020,04:00:00,0005466380
110 ST,IRTR18101-00-01,04/16/2020,08:00:00,0005466437
110 ST,IRTR18101-00-01,04/16/2020,12:00:00,0005466488
110 ST,IRTR18101-00-01,04/16/2020,16:00:00,0005466553
110 ST,IRTR18101-00-01,04/16/2020,20:00:00,0005466599
110 ST,IRTR18101-00-01,04/17/2020,00:00:00,0005466622
110 ST,IRTR18101-00-01,04/17/2020,04:00:00,0005466626
110 ST,IRTR18101-00-01,04/17/2020,08:00:00,0005466666
110 ST,IRTR18101-00-01,04/17/2020,12:00:00,0005466725
110 ST,IRTR18101-00-01,04/17/2020,16:00:00,0005466781
110 ST,IRTR18101-00-01,04/17/2020,20:00:00,0005466837
110 ST,IRTR18101-00-02,04/11/2020,00:00:00,0014514594
110 ST,IRTR18101-00-02,04/11/2020,04:00:00,0014514597
110 ST,IRTR18101-00-02,04/11/2020,08:00:00,0014514617
110 ST,IRTR18101-00-02,04/11/2020,12:00:00,0014514641
110 ST,IRTR18101-00-02,04/11/2020,16:00:00,0014514675
110 ST,IRTR18101-00-02,04/11/2020,20:00:00,0014514708
110 ST,IRTR18101-00-02,04/12/2020,00:00:00,0014514727
110 ST,IRTR18101-00-02,04/12/2020,04:00:00,0014514730
110 ST,IRTR18101-00-02,04/12/2020,08:00:00,0014514743
110 ST,IRTR18101-00-02,04/12/2020,12:00:00,0014514761
110 ST,IRTR18101-00-02,04/12/2020,16:00:00,0014514785
110 ST,IRTR18101-00-02,04/12/2020,20:00:00,0014514807
110 ST,IRTR18101-00-02,04/13/2020,00:00:00,0014514820
110 ST,IRTR18101-00-02,04/13/2020,04:00:00,0014514824
110 ST,IRTR18101-00-02,04/13/2020,08:00:00,0014514869
110 ST,IRTR18101-00-02,04/13/2020,12:00:00,0014514923
110 ST,IRTR18101-00-02,04/13/2020,16:00:00,0014514966
110 ST,IRTR18101-00-02,04/13/2020,20:00:00,0014514994
110 ST,IRTR18101-00-02,04/14/2020,00:00:00,0014515005
110 ST,IRTR18101-00-02,04/14/2020,04:00:00,0014515006
110 ST,IRTR18101-00-02,04/14/2020,08:00:00,0014515053
110 ST,IRTR18101-00-02,04/14/2020,16:00:00,0014515137
110 ST,IRTR18101-00-02,04/14/2020,20:00:00,0014515179
110 ST,IRTR18101-00-02,04/15/2020,00:00:00,0014515197
110 ST,IRTR18101-00-02,04/15/2020,04:00:00,0014515203
110 ST,IRTR18101-00-02,04/15/2020,08:00:00,0014515234
110 ST,IRTR18101-00-02,04/15/2020,12:00:00,0014515281
110 ST,IRTR18101-00-02,04/15/2020,16:00:00,0014515329
110 ST,IRTR18101-00-02,04/15/2020,20:00:00,0014515361
110 ST,IRTR18101-00-02,04/16/2020,00:00:00,0014515376
110 ST,IRTR18101-00-02,04/16/2020,04:00:00,0014515380
110 ST,IRTR18101-00-02,04/16/2020,08:00:00,0014515418
110 ST,IRTR18101-00-02,04/16/2020,12:00:00,0014515463
110 ST,IRTR18101-00-02,04/16/2020,16:00:00,0014515515
110 ST,IRTR18101-00-02,04/16/2020,20:00:00,0014515550
110 ST,IRTR18101-00-02,04/17/2020,00:00:00,0014515562
110 ST,IRTR18101-00-02,04/17/2020,04:00:00,0014515566
110 ST,IRTR18101-00-02,04/17/2020,08:00:00,0014515604
110 ST,IRTR18101-00-02,04/17/2020,12:00:00,0014515651
110 ST,IRTR18101-00-02,04/17/2020,16:00:00,0014515698
110 ST,IRTR18101-00-02,04/17/2020,20:00:00,0014515752
110 ST,IRTR18100-00-00,04/18/2020,00:00:00,0004989919
110 ST,IRTR18100-00-00,04/18/2020,04:00:00,0004989927
110 ST,IRTR18100-00-00,04/18/2020,08:00:00,0004989951
110 ST,IRTR18100-00-00,04/18/2020,12:00:00,0004989966
110 ST,IRTR18100-00-00,04/18/2020,16:00:00,0004989988
110 ST,IRTR18100-00-00,04/18/2020,20:00:00,0004990014
110 ST,IRTR18100-00-00,04/19/2020,00:00:00,0004990035
110 ST,IRTR18100-00-00,04/19/2020,04:00:00,0004990040
110 ST,IRTR18100-00-00,04/19/2020,08:00:00,0004990053
110 ST,IRTR18100-00-00,04/19/2020,12:00:00,0004990069
110 ST,IRTR18100-00-00,04/19/2020,16:00:00,0004990099
110 ST,IRTR18100-00-00,04/19/2020,20:00:00,0004990145
110 ST,IRTR18100-00-00,04/20/2020,00:00:00,0004990162
110 ST,IRTR18100-00-00,04/20/2020,04:00:00,0004990165
110 ST,IRTR18100-00-00,04/20/2020,08:00:00,0004990197
110 ST,IRTR18100-00-00,04/20/2020,12:00:00,0004990226
110 ST,IRTR18100-00-00,04/20/2020,16:00:00,0004990316
110 ST,IRTR18100-00-00,04/20/2020,20:00:00,0004990406
110 ST,IRTR18100-00-00,04/21/2020,00:00:00,0004990426
110 ST,IRTR18100-00-00,04/21/2020,04:00:00,0004990427
110 ST,IRTR18100-00-00,04/21/2020,08:00:00,0004990453
110 ST,IRTR18100-00-00,04/21/2020,12:00:00,0004990483
110 ST,IRTR18100-00-00,04/21/2020,16:00:00,0004990560
110 ST,IRTR18100-00-00,04/21/2020,20:00:00,0004990599
110 ST,IRTR18100-00-00,04/22/2020,00:00:00,0004990610
110 ST,IRTR18100-00-00,04/22/2020,04:00:00,0004990613
110 ST,IRTR18100-00-00,04/22/2020,08:00:00,0004990644
110 ST,IRTR18100-00-00,04/22/2020,12:00:00,0004990679
110 ST,IRTR18100-00-00,04/22/2020,16:00:00,0004990764
110 ST,IRTR18100-00-00,04/22/2020,20:00:00,0004990841
110 ST,IRTR18100-00-00,04/23/2020,00:00:00,0004990866
110 ST,IRTR18100-00-00,04/23/2020,04:00:00,0004990873
110 ST,IRTR18100-00-00,04/23/2020,08:00:00,0004990901
110 ST,IRTR18100-00-00,04/23/2020,12:00:00,0004990943
110 ST,IRTR18100-00-00,04/23/2020,16:00:00,0004991024
110 ST,IRTR18100-00-00,04/23/2020,20:00:00,0004991090
110 ST,IRTR18100-00-00,04/24/2020,00:00:00,0004991114
110 ST,IRTR18100-00-00,04/24/2020,04:00:00,0004991117
110 ST,IRTR18100-00-00,04/24/2020,08:00:00,0004991125
110 ST,IRTR18100-00-00,04/24/2020,12:00:00,0004991136
110 ST,IRTR18100-00-00,04/24/2020,16:00:00,0004991165
110 ST,IRTR18100-00-00,04/24/2020,20:00:00,0004991222
110 ST,IRTR18100-00-01,04/18/2020,00:00:00,0005713706
110 ST,IRTR18100-00-01,04/18/2020,04:00:00,0005713716
110 ST,IRTR18100-00-01,04/18/2020,08:00:00,0005713721
110 ST,IRTR18100-00-01,04/18/2020,12:00:00,0005713728
110 ST,IRTR18100-00-01,04/18/2020,16:00:00,0005713739
110 ST,IRTR18100-00-01,04/18/2020,20:00:00,0005713751
110 ST,IRTR18100-00-01,04/19/2020,00:00:00,0005713757
110 ST,IRTR18100-00-01,04/19/2020,04:00:00,0005713758
110 ST,IRTR18100-00-01,04/19/2020,08:00:00,0005713774
110 ST,IRTR18100-00-01,04/19/2020,12:00:00,0005713795
110 ST,IRTR18100-00-01,04/19/2020,16:00:00,0005713825
110 ST,IRTR18100-00-01,04/19/2020,20:00:00,0005713851
110 ST,IRTR18100-00-01,04/20/2020,00:00:00,0005713862
110 ST,IRTR18100-00-01,04/20/2020,04:00:00,0005713867
110 ST,IRTR18100-00-01,04/20/2020,08:00:00,0005713898
110 ST,IRTR18100-00-01,04/20/2020,12:00:00,0005713923
110 ST,IRTR18100-00-01,04/20/2020,16:00:00,0005713974
110 ST,IRTR18100-00-01,04/20/2020,20:00:00,0005714026
110 ST,IRTR18100-00-01,04/21/2020,00:00:00,0005714056
110 ST,IRTR18100-00-01,04/21/2020,04:00:00,0005714060
110 ST,IRTR18100-00-01,04/21/2020,08:00:00,0005714085
110 ST,IRTR18100-00-01,04/21/2020,12:00:00,0005714115
110 ST,IRTR18100-00-01,04/21/2020,16:00:00,0005714161
110 ST,IRTR18100-00-01,04/21/2020,20:00:00,0005714184
110 ST,IRTR18100-00-01,04/22/2020,00:00:00,0005714193
110 ST,IRTR18100-00-01,04/22/2020,04:00:00,0005714193
110 ST,IRTR18100-00-01,04/22/2020,08:00:00,0005714233
110 ST,IRTR18100-00-01,04/22/2020,12:00:00,0005714275
110 ST,IRTR18100-00-01,04/22/2020,16:00:00,0005714340
110 ST,IRTR18100-00-01,04/22/2020,20:00:00,0005714429
110 ST,IRTR18100-00-01,04/23/2020,00:00:00,0005714468
110 ST,IRTR18100-00-01,04/23/2020,04:00:00,0005714473
110 ST,IRTR18100-00-01,04/23/2020,08:00:00,0005714503
110 ST,IRTR18100-00-01,04/23/2020,12:00:00,0005714541
110 ST,IRTR18100-00-01,04/23/2020,16:00:00,0005714597
110 ST,IRTR18100-00-01,04/23/2020,20:00:00,0005714672
110 ST,IRTR18100-00-01,04/24/2020,00:00:00,0005714703
110 ST,IRTR18100-00-01,04/24/2020,04:00:00,0005714709
110 ST,IRTR18100-00-01,04/24/2020,08:00:00,0005714722
110 ST,IRTR18100-00-01,04/24/2020,12:00:00,0005714741
110 ST,IRTR18100-00-01,04/24/2020,16:00:00,0005714773
110 ST,IRTR18100-00-01,04/24/2020,20:00:00,0005714799
110 ST,IRTR18100-00-02,04/18/2020,00:00:00,0005687752
110 ST,IRTR18100-00-02,04/18/2020,04:00:00,0005687756
110 ST,IRTR18100-00-02,04/18/2020,08:00:00,0005687774
110 ST,IRTR18100-00-02,04/18/2020,12:00:00,0005687820
110 ST,IRTR18100-00-02,04/18/2020,16:00:00,0005687895
110 ST,IRTR18100-00-02,04/18/2020,20:00:00,0005687958
110 ST,IRTR18100-00-02,04/19/2020,00:00:00,0005687972
110 ST,IRTR18100-00-02,04/19/2020,04:00:00,0005687981
110 ST,IRTR18100-00-02,04/19/2020,08:00:00,0005687989
110 ST,IRTR18100-00-02,04/19/2020,12:00:00,0005688003
110 ST,IRTR18100-00-02,04/19/2020,16:00:00,0005688020
110 ST,IRTR18100-00-02,04/19/2020,20:00:00,0005688048
110 ST,IRTR18100-00-02,04/20/2020,00:00:00,0005688061
110 ST,IRTR18100-00-02,04/20/2020,04:00:00,0005688062
110 ST,IRTR18100-00-02,04/20/2020,08:00:00,0005688078
110 ST,IRTR18100-00-02,04/20/2020,12:00:00,0005688101
110 ST,IRTR18100-00-02,04/20/2020,16:00:00,0005688132
110 ST,IRTR18100-00-02,04/20/2020,20:00:00,0005688182
110 ST,IRTR18100-00-02,04/21/2020,00:00:00,0005688191
110 ST,IRTR18100-00-02,04/21/2020,04:00:00,0005688193
110 ST,IRTR18100-00-02,04/21/2020,08:00:00,0005688204
110 ST,IRTR18100-00-02,04/21/2020,12:00:00,0005688230
110 ST,IRTR18100-00-02,04/21/2020,16:00:00,0005688266
110 ST,IRTR18100-00-02,04/21/2020,20:00:00,0005688372
110 ST,IRTR18100-00-02,04/22/2020,00:00:00,0005688422
110 ST,IRTR18100-00-02,04/22/2020,04:00:00,0005688428
110 ST,IRTR18100-00-02,04/22/2020,08:00:00,0005688451
110 ST,IRTR18100-00-02,04/22/2020,12:00:00,0005688476
110 ST,IRTR18100-00-02,04/22/2020,16:00:00,0005688489
110 ST,IRTR18100-00-02,04/22/2020,20:00:00,0005688533
110 ST,IRTR18100-00-02,04/23/2020,00:00:00,0005688547
110 ST,IRTR18100-00-02,04/23/2020,04:00:00,0005688550
110 ST,IRTR18100-00-02,04/23/2020,08:00:00,0005688561
110 ST,IRTR18100-00-02,04/23/2020,12:00:00,0005688581
110 ST,IRTR18100-00-02,04/23/2020,16:00:00,0005688629
110 ST,IRTR18100-00-02,04/23/2020,20:00:00,0005688672
110 ST,IRTR18100-00-02,04/24/2020,00:00:00,0005688689
110 ST,IRTR18100-00-02,04/24/2020,04:00:00,0005688695
110 ST,IRTR18100-00-02,04/24/2020,08:00:00,0005688747
110 ST,IRTR18100-00-02,04/24/2020,12:00:00,0005688812
110 ST,IRTR18100-00-02,04/24/2020,16:00:00,0005688902
110 ST,IRTR18100-00-02,04/24/2020,20:00:00,0005688996
110 ST,IRTR18101-00-00,04/18/2020,00:00:00,0004227254
110 ST,IRTR18101-00-00,04/18/2020,04:00:00,0004227262
110 ST,IRTR18101-00-00,04/18/2020,08:00:00,0004227314
110 ST,IRTR18101-00-00,04/18/2020,12:00:00,0004227365
110 ST,IRTR18101-00-00,04/18/2020,16:00:00,0004227430
110 ST,IRTR18101-00-00,04/18/2020,20:00:00,0004227471
110 ST,IRTR18101-00-00,04/19/2020,00:00:00,0004227497
110 ST,IRTR18101-00-00,04/19/2020,04:00:00,0004227510
110 ST,IRTR18101-00-00,04/19/2020,08:00:00,0004227550
110 ST,IRTR18101-00-00,04/19/2020,12:00:00,0004227585
110 ST,IRTR18101-00-00,04/19/2020,16:00:00,0004227637
110 ST,IRTR18101-00-00,04/19/2020,20:00:00,0004227671
110 ST,IRTR18101-00-00,04/20/2020,00:00:00,0004227699
110 ST,IRTR18101-00-00,04/20/2020,04:00:00,0004227706
110 ST,IRTR18101-00-00,04/20/2020,08:00:00,0004227795
110 ST,IRTR18101-00-00,04/20/2020,12:00:00,0004227889
110 ST,IRTR18101-00-00,04/20/2020,16:00:00,0004227977
110 ST,IRTR18101-00-00,04/20/2020,20:00:00,0004228039
110 ST,IRTR18101-00-00,04/21/2020,00:00:00,0004228070
110 ST,IRTR18101-00-00,04/21/2020,04:00:00,0004228076
110 ST,IRTR18101-00-00,04/21/2020,08:00:00,0004228168
110 ST,IRTR18101-00-00,04/21/2020,12:00:00,0004228247
110 ST,IRTR18101-00-00,04/21/2020,16:00:00,0004228328
110 ST,IRTR18101-00-00,04/21/2020,20:00:00,0004228378
110 ST,IRTR18101-00-00,04/22/2020,00:00:00,0004228406
110 ST,IRTR18101-00-00,04/22/2020,04:00:00,0004228424
110 ST,IRTR18101-00-00,04/22/2020,08:00:00,0004228522
110 ST,IRTR18101-00-00,04/22/2020,12:00:00,0004228609
110 ST,IRTR18101-00-00,04/22/2020,16:00:00,0004228677
110 ST,IRTR18101-00-00,04/22/2020,20:00:00,0004228728
110 ST,IRTR18101-00-00,04/23/2020,00:00:00,0004228764
110 ST,IRTR18101-00-00,04/23/2020,04:00:00,0004228771
110 ST,IRTR18101-00-00,04/23/2020,08:00:00,0004228841
110 ST,IRTR18101-00-00,04/23/2020,12:00:00,0004228901
110 ST,IRTR18101-00-00,04/23/2020,16:00:00,0004228991
110 ST,IRTR18101-00-00,04/23/2020,20:00:00,0004229053
110 ST,IRTR18101-00-00,04/24/2020,00:00:00,0004229084
110 ST,IRTR18101-00-00,04/24/2020,04:00:00,0004229092
110 ST,IRTR18101-00-00,04/24/2020,08:00:00,0004229173
110 ST,IRTR18101-00-00,04/24/2020,12:00:00,0004229276
110 ST,IRTR18101-00-00,04/24/2020,16:00:00,0004229374
110 ST,IRTR18101-00-00,04/24/2020,20:00:00,0004229463
110 ST,IRTR18101-00-01,04/18/2020,00:00:00,0005466863
110 ST,IRTR18101-00-01,04/18/2020,04:00:00,0005466869
110 ST,IRTR18101-00-01,04/18/2020,08:00:00,0005466888
110 ST,IRTR18101-00-01,04/18/2020,12:00:00,0005466926
110 ST,IRTR18101-00-01,04/18/2020,16:00:00,0005466970
110 ST,IRTR18101-00-01,04/18/2020,20:00:00,0005466993
110 ST,IRTR18101-00-01,04/19/2020,00:00:00,0005467011
110 ST,IRTR18101-00-01,04/19/2020,04:00:00,0005467016
110 ST,IRTR18101-00-01,04/19/2020,08:00:00,0005467037
110 ST,IRTR18101-00-01,04/19/2020,12:00:00,0005467072
110 ST,IRTR18101-00-01,04/19/2020,16:00:00,0005467110
110 ST,IRTR18101-00-01,04/19/2020,20:00:00,0005467137
110 ST,IRTR18101-00-01,04/20/2020,00:00:00,0005467154
110 ST,IRTR18101-00-01,04/20/2020,04:00:00,0005467162
110 ST,IRTR18101-00-01,04/20/2020,08:00:00,0005467226
110 ST,IRTR18101-00-01,04/20/2020,12:00:00,0005467277
110 ST,IRTR18101-00-01,04/20/2020,16:00:00,0005467349
110 ST,IRTR18101-00-01,04/20/2020,20:00:00,0005467384
110 ST,IRTR18101-00-01,04/21/2020,00:00:00,0005467398
110 ST,IRTR18101-00-01,04/21/2020,04:00:00,0005467400
110 ST,IRTR18101-00-01,04/21/2020,08:00:00,0005467438
110 ST,IRTR18101-00-01,04/21/2020,12:00:00,0005467496
110 ST,IRTR18101-00-01,04/21/2020,16:00:00,0005467550
110 ST,IRTR18101-00-01,04/21/2020,20:00:00,0005467590
110 ST,IRTR18101-00-01,04/22/2020,00:00:00,0005467613
110 ST,IRTR18101-00-01,04/22/2020,04:00:00,0005467622
110 ST,IRTR18101-00-01,04/22/2020,08:00:00,0005467684
110 ST,IRTR18101-00-01,04/22/2020,12:00:00,0005467747
110 ST,IRTR18101-00-01,04/22/2020,16:00:00,0005467817
110 ST,IRTR18101-00-01,04/22/2020,20:00:00,0005467865
110 ST,IRTR18101-00-01,04/23/2020,00:00:00,0005467882
110 ST,IRTR18101-00-01,04/23/2020,04:00:00,0005467887
110 ST,IRTR18101-00-01,04/23/2020,08:00:00,0005467945
110 ST,IRTR18101-00-01,04/23/2020,12:00:00,0005467990
110 ST,IRTR18101-00-01,04/23/2020,16:00:00,0005468055
110 ST,IRTR18101-00-01,04/23/2020,20:00:00,0005468112
110 ST,IRTR18101-00-01,04/24/2020,00:00:00,0005468133
110 ST,IRTR18101-00-01,04/24/2020,04:00:00,0005468139
110 ST,IRTR18101-00-01,04/24/2020,08:00:00,0005468188
110 ST,IRTR18101-00-01,04/24/2020,12:00:00,0005468243
110 ST,IRTR18101-00-01,04/24/2020,16:00:00,0005468307
110 ST,IRTR18101-00-01,04/24/2020,20:00:00,0005468351
110 ST,IRTR18101-00-02,04/18/2020,00:00:00,0014515769
110 ST,IRTR18101-00-02,04/18/2020,04:00:00,0014515774
110 ST,IRTR18101-00-02,04/18/2020,08:00:00,0014515794
110 ST,IRTR18101-00-02,04/18/2020,12:00:00,0014515821
110 ST,IRTR18101-00-02,04/18/2020,16:00:00,0014515853
110 ST,IRTR18101-00-02,04/18/2020,20:00:00,0014515885
110 ST,IRTR18101-00-02,04/19/2020,00:00:00,0014515899
110 ST,IRTR18101-00-02,04/19/2020,04:00:00,0014515900
110 ST,IRTR18101-00-02,04/19/2020,08:00:00,0014515912
110 ST,IRTR18101-00-02,04/19/2020,12:00:00,0014515934
110 ST,IRTR18101-00-02,04/19/2020,16:00:00,0014515966
110 ST,IRTR18101-00-02,04/19/2020,20:00:00,0014515993
110 ST,IRTR18101-00-02,04/20/2020,00:00:00,0014516003
110 ST,IRTR18101-00-02,04/20/2020,04:00:00,0014516007
110 ST,IRTR18101-00-02,04/20/2020,08:00:00,0014516045
110 ST,IRTR18101-00-02,04/20/2020,12:00:00,0014516096
110 ST,IRTR18101-00-02,04/20/2020,16:00:00,0014516147
110 ST,IRTR18101-00-02,04/20/2020,20:00:00,0014516189
110 ST,IRTR18101-00-02,04/21/2020,00:00:00,0014516204
110 ST,IRTR18101-00-02,04/21/2020,04:00:00,0014516207
110 ST,IRTR18101-00-02,04/21/2020,08:00:00,0014516255
110 ST,IRTR18101-00-02,04/21/2020,12:00:00,0014516302
110 ST,IRTR18101-00-02,04/21/2020,16:00:00,0014516367
110 ST,IRTR18101-00-02,04/21/2020,20:00:00,0014516408
110 ST,IRTR18101-00-02,04/22/2020,00:00:00,0014516422
110 ST,IRTR18101-00-02,04/22/2020,04:00:00,0014516422
110 ST,IRTR18101-00-02,04/22/2020,08:00:00,0014516469
110 ST,IRTR18101-00-02,04/22/2020,12:00:00,0014516529
110 ST,IRTR18101-00-02,04/22/2020,16:00:00,0014516577
110 ST,IRTR18101-00-02,04/22/2020,20:00:00,0014516619
110 ST,IRTR18101-00-02,04/23/2020,00:00:00,0014516644
110 ST,IRTR18101-00-02,04/23/2020,04:00:00,0014516647
110 ST,IRTR18101-00-02,04/23/2020,08:00:00,0014516697
110 ST,IRTR18101-00-02,04/23/2020,12:00:00,0014516742
110 ST,IRTR18101-00-02,04/23/2020,16:00:00,0014516799
110 ST,IRTR18101-00-02,04/23/2020,20:00:00,0014516846
110 ST,IRTR18101-00-02,04/24/2020,00:00:00,0014516865
110 ST,IRTR18101-00-02,04/24/2020,04:00:00,0014516867
110 ST,IRTR18101-00-02,04/24/2020,08:00:00,0014516913
110 ST,IRTR18101-00-02,04/24/2020,12:00:00,0014516958
110 ST,IRTR18101-00-02,04/24/2020,16:00:00,0014517007
110 ST,IRTR18101-00-02,04/24/2020,20:00:00,0014517036
